timestamp, accx, accy, accz, laccx, laccy, laccz, gravx, gravy, gravz, magfieldx, magfieldy, magfieldz, anglex, angley, anglez, rot0, rot1, rot2, rot3, rot4, rot5, rot6, rot7, rot8, speedgps, latgps, longps, altgps, accgps
1477589086979,0.0,0.0,0.0,0.0,0.0,0.0,0.0,0.0,0.0,-8.625,-56.1875,28.5625,0.0,-0.0,-0.0,0.0,0.0,0.0,0.0,0.0,0.0,0.0,0.0,0.0,0.0,0.0,0.0,0.0,0.0
1477589086999,0.0,0.0,0.0,0.0,0.0,0.0,0.0,0.0,0.0,-8.8125,-56.3125,28.5,0.0,-0.0,-0.0,0.0,0.0,0.0,0.0,0.0,0.0,0.0,0.0,0.0,0.0,0.0,0.0,0.0,0.0
1477589087018,0.0,0.0,0.0,0.0,0.0,0.0,0.0,0.0,0.0,-8.9375,-56.375,28.3125,0.0,-0.0,-0.0,0.0,0.0,0.0,0.0,0.0,0.0,0.0,0.0,0.0,0.0,0.0,0.0,0.0,0.0
1477589087038,0.0,0.0,0.0,0.0,0.0,0.0,0.0,0.0,0.0,-9.4375,-56.5625,28.0625,0.0,-0.0,-0.0,0.0,0.0,0.0,0.0,0.0,0.0,0.0,0.0,0.0,0.0,0.0,0.0,0.0,0.0
1477589087058,0.0,0.0,0.0,0.0,0.0,0.0,0.0,0.0,0.0,-9.8125,-56.5,27.9375,0.0,-0.0,-0.0,0.0,0.0,0.0,0.0,0.0,0.0,0.0,0.0,0.0,0.0,0.0,0.0,0.0,0.0
1477589087077,0.0,0.0,0.0,0.0,0.0,0.0,0.0,0.0,0.0,-10.0,-56.625,27.8125,0.0,-0.0,-0.0,0.0,0.0,0.0,0.0,0.0,0.0,0.0,0.0,0.0,0.0,0.0,0.0,0.0,0.0
1477589087097,0.0,0.0,0.0,0.0,0.0,0.0,0.0,0.0,0.0,-9.875,-56.8125,28.0,0.0,-0.0,-0.0,0.0,0.0,0.0,0.0,0.0,0.0,0.0,0.0,0.0,0.0,0.0,0.0,0.0,0.0
1477589087116,0.38307226,9.356541,3.5817258,0.0,0.0,0.0,0.0,0.0,0.0,-9.875,-56.8125,28.0,2.8669353,-1.2032982,-0.10654684,-0.9839768,0.09744338,-0.14931314,-0.17415446,-0.34581518,0.9219989,0.038207944,0.93322915,0.3572443,0.0,0.0,0.0,0.0,0.0
1477589087116,0.38307226,9.356541,3.5817258,0.0,0.0,0.0,0.9271136,9.398671,2.6411815,-9.875,-56.8125,28.0,2.8669353,-1.2032982,-0.10654684,-0.9839768,0.09744338,-0.14931314,-0.17415446,-0.34581518,0.9219989,0.038207944,0.93322915,0.3572443,0.0,0.0,0.0,0.0,0.0
1477589087116,0.38307226,9.356541,3.5817258,-0.54404134,-0.04213047,0.94054437,0.9271136,9.398671,2.6411815,-9.875,-56.8125,28.0,2.8669353,-1.2032982,-0.10654684,-0.9839768,0.09744338,-0.14931314,-0.17415446,-0.34581518,0.9219989,0.038207944,0.93322915,0.3572443,0.0,0.0,0.0,0.0,0.0
1477589087118,0.38307226,9.356541,3.5817258,-0.54404134,-0.04213047,0.94054437,0.9271136,9.398671,2.6411815,-10.0,-56.6875,27.875,2.863665,-1.2032982,-0.10654684,-0.983402,0.098573685,-0.15232733,-0.17737119,-0.34549466,0.92150575,0.038207944,0.93322915,0.3572443,0.0,0.0,0.0,0.0,0.0
1477589087137,0.38307226,9.356541,3.5817258,-0.54404134,-0.04213047,0.94054437,0.9271136,9.398671,2.6411815,-10.375,-56.75,27.75,2.8555484,-1.2032982,-0.10654684,-0.98193,0.10137476,-0.15980202,-0.18534747,-0.3446832,0.9202391,0.038207944,0.93322915,0.3572443,0.0,0.0,0.0,0.0,0.0
1477589087157,0.38307226,9.356541,3.5817258,-0.54404134,-0.04213047,0.94054437,0.9271136,9.398671,2.6411815,-10.3125,-56.625,27.9375,2.857217,-1.2032982,-0.10654684,-0.9822379,0.100799434,-0.15826614,-0.18370861,-0.34485188,0.9205044,0.038207944,0.93322915,0.3572443,0.0,0.0,0.0,0.0,0.0
1477589087176,0.38307226,9.356541,3.5817258,-0.54404134,-0.04213047,0.94054437,0.9271136,9.398671,2.6411815,-10.375,-56.4375,28.125,2.856146,-1.2032982,-0.10654684,-0.98204064,0.10116873,-0.15925196,-0.18476051,-0.34474376,0.9203344,0.038207944,0.93322915,0.3572443,0.0,0.0,0.0,0.0,0.0
1477589087196,0.38307226,9.356541,3.5817258,-0.54404134,-0.04213047,0.94054437,0.9271136,9.398671,2.6411815,-10.5625,-56.1875,28.375,2.8525705,-1.2032982,-0.10654684,-0.98137367,0.10240073,-0.16254163,-0.18827067,-0.34437978,0.91975904,0.038207944,0.93322915,0.3572443,0.0,0.0,0.0,0.0,0.0
1477589087216,0.38307226,9.356541,3.5817258,-0.54404134,-0.04213047,0.94054437,0.9271136,9.398671,2.6411815,-10.5,-56.375,28.8125,2.855737,-1.2032982,-0.10654684,-0.98196495,0.101309754,-0.15962844,-0.18516225,-0.3447023,0.92026913,0.038207944,0.93322915,0.3572443,0.0,0.0,0.0,0.0,0.0
1477589087236,0.38307226,9.356541,3.5817258,-0.54404134,-0.04213047,0.94054437,0.9271136,9.398671,2.6411815,-10.75,-56.4375,28.9375,2.8511772,-1.2032982,-0.10654684,-0.9811104,0.10288041,-0.16382284,-0.1896377,-0.3442368,0.9195317,0.038207944,0.93322915,0.3572443,0.0,0.0,0.0,0.0,0.0
1477589087255,0.38307226,9.356541,3.5817258,-0.54404134,-0.04213047,0.94054437,0.9271136,9.398671,2.6411815,-11.3125,-56.4375,28.5625,2.8383572,-1.2032982,-0.10654684,-0.9785987,0.107284956,-0.17559749,-0.20219964,-0.3428896,0.91735595,0.038207944,0.93322915,0.3572443,0.0,0.0,0.0,0.0,0.0
1477589087275,0.38307226,9.356541,3.5817258,-0.54404134,-0.04213047,0.94054437,0.9271136,9.398671,2.6411815,-11.4375,-56.4375,28.6875,2.8362653,-1.2032982,-0.10654684,-0.9781736,0.10800204,-0.17751619,-0.2042464,-0.34266442,0.9169867,0.038207944,0.93322915,0.3572443,0.0,0.0,0.0,0.0,0.0
1477589087295,0.38307226,9.356541,3.5817258,-0.54404134,-0.04213047,0.94054437,0.9271136,9.398671,2.6411815,-11.5,-56.3125,28.8125,2.835174,-1.2032982,-0.10654684,-0.97795016,0.10837587,-0.17851666,-0.20531361,-0.34254637,0.9167924,0.038207944,0.93322915,0.3572443,0.0,0.0,0.0,0.0,0.0
1477589087313,0.94810385,9.232041,3.9743748,-0.54404134,-0.04213047,0.94054437,0.9271136,9.398671,2.6411815,-11.5,-56.3125,28.8125,2.770865,-1.1541317,-0.23417749,-0.983499,0.14662485,-0.10597576,-0.15463012,-0.37721807,0.9131242,0.09391073,0.91444385,0.3936662,0.0,0.0,0.0,0.0,0.0
1477589087313,0.94810385,9.232041,3.9743748,-0.54404134,-0.04213047,0.94054437,1.327907,9.33804,2.6847823,-11.5,-56.3125,28.8125,2.770865,-1.1541317,-0.23417749,-0.983499,0.14662485,-0.10597576,-0.15463012,-0.37721807,0.9131242,0.09391073,0.91444385,0.3936662,0.0,0.0,0.0,0.0,0.0
1477589087313,0.94810385,9.232041,3.9743748,-0.37980312,-0.10599899,1.2895925,1.327907,9.33804,2.6847823,-11.5,-56.3125,28.8125,2.770865,-1.1541317,-0.23417749,-0.983499,0.14662485,-0.10597576,-0.15463012,-0.37721807,0.9131242,0.09391073,0.91444385,0.3936662,0.0,0.0,0.0,0.0,0.0
1477589087315,0.94810385,9.232041,3.9743748,-0.37980312,-0.10599899,1.2895925,1.327907,9.33804,2.6847823,-11.875,-56.1875,28.5625,2.762443,-1.1541317,-0.23417749,-0.9821618,0.14979655,-0.11366227,-0.1629076,-0.3759698,0.9121994,0.09391073,0.91444385,0.3936662,0.0,0.0,0.0,0.0,0.0
1477589087335,0.94810385,9.232041,3.9743748,-0.37980312,-0.10599899,1.2895925,1.327907,9.33804,2.6847823,-11.9375,-56.0625,28.5,2.760664,-1.1541317,-0.23417749,-0.9818705,0.1504652,-0.115285024,-0.16465475,-0.37570274,0.9119957,0.09391073,0.91444385,0.3936662,0.0,0.0,0.0,0.0,0.0
1477589087354,0.94810385,9.232041,3.9743748,-0.37980312,-0.10599899,1.2895925,1.327907,9.33804,2.6847823,-11.75,-56.0625,28.6875,2.7648485,-1.1541317,-0.23417749,-0.98255086,0.14889173,-0.1114677,-0.16054459,-0.37632906,0.9124701,0.09391073,0.91444385,0.3936662,0.0,0.0,0.0,0.0,0.0
1477589087374,0.94810385,9.232041,3.9743748,-0.37980312,-0.10599899,1.2895925,1.327907,9.33804,2.6847823,-11.75,-56.0,28.5625,2.7643745,-1.1541317,-0.23417749,-0.9824747,0.14907011,-0.11190024,-0.16101035,-0.37625846,0.91241723,0.09391073,0.91444385,0.3936662,0.0,0.0,0.0,0.0,0.0
1477589087414,0.94810385,9.232041,3.9743748,-0.37980312,-0.10599899,1.2895925,1.327907,9.33804,2.6847823,-11.625,-55.6875,28.875,2.7666357,-1.1541317,-0.23417749,-0.9828362,0.14821887,-0.10983663,-0.15878819,-0.37659454,0.9126679,0.09391073,0.91444385,0.3936662,0.0,0.0,0.0,0.0,0.0
1477589087434,0.94810385,9.232041,3.9743748,-0.37980312,-0.10599899,1.2895925,1.327907,9.33804,2.6847823,-11.8125,-55.625,28.875,2.7627,-1.1541317,-0.23417749,-0.9822036,0.14969988,-0.11342773,-0.16265507,-0.37600827,0.91222847,0.09391073,0.91444385,0.3936662,0.0,0.0,0.0,0.0,0.0
1477589087453,0.94810385,9.232041,3.9743748,-0.37980312,-0.10599899,1.2895925,1.327907,9.33804,2.6847823,-11.875,-55.625,29.0,2.7617426,-1.1541317,-0.23417749,-0.9820475,0.15005986,-0.1143012,-0.16359553,-0.3758648,0.9121195,0.09391073,0.91444385,0.3936662,0.0,0.0,0.0,0.0,0.0
1477589087473,0.94810385,9.232041,3.9743748,-0.37980312,-0.10599899,1.2895925,1.327907,9.33804,2.6847823,-11.8125,-55.6875,29.25,2.7637475,-1.1541317,-0.23417749,-0.9823736,0.14930595,-0.11247221,-0.16162623,-0.3761649,0.91234696,0.09391073,0.91444385,0.3936662,0.0,0.0,0.0,0.0,0.0
1477589087493,0.94810385,9.232041,3.9743748,-0.37980312,-0.10599899,1.2895925,1.327907,9.33804,2.6847823,-12.0625,-55.8125,29.375,2.7594683,-1.1541317,-0.23417749,-0.9816729,0.15091428,-0.11637531,-0.16582854,-0.37552255,0.91185725,0.09391073,0.91444385,0.3936662,0.0,0.0,0.0,0.0,0.0
1477589087511,0.79487497,9.299079,3.9360676,-0.37980312,-0.10599899,1.2895925,1.327907,9.33804,2.6847823,-12.0625,-55.8125,29.375,2.7780952,-1.1631633,-0.19926648,-0.9807776,0.14095137,-0.13493727,-0.17865339,-0.3705337,0.91147554,0.0784749,0.91806173,0.38859257,0.0,0.0,0.0,0.0,0.0
1477589087511,0.79487497,9.299079,3.9360676,-0.37980312,-0.10599899,1.2895925,1.3708675,9.347591,2.6293788,-12.0625,-55.8125,29.375,2.7780952,-1.1631633,-0.19926648,-0.9807776,0.14095137,-0.13493727,-0.17865339,-0.3705337,0.91147554,0.0784749,0.91806173,0.38859257,0.0,0.0,0.0,0.0,0.0
1477589087511,0.79487497,9.299079,3.9360676,-0.5759925,-0.04851246,1.3066888,1.3708675,9.347591,2.6293788,-12.0625,-55.8125,29.375,2.7780952,-1.1631633,-0.19926648,-0.9807776,0.14095137,-0.13493727,-0.17865339,-0.3705337,0.91147554,0.0784749,0.91806173,0.38859257,0.0,0.0,0.0,0.0,0.0
1477589087512,0.79487497,9.299079,3.9360676,-0.5759925,-0.04851246,1.3066888,1.3708675,9.347591,2.6293788,-12.25,-56.0625,29.25,2.7747598,-1.1631633,-0.19926648,-0.9801762,0.14218655,-0.13797693,-0.18192399,-0.3700615,0.91102034,0.0784749,0.91806173,0.38859257,0.0,0.0,0.0,0.0,0.0
1477589087532,0.79487497,9.299079,3.9360676,-0.5759925,-0.04851246,1.3066888,1.3708675,9.347591,2.6293788,-12.5625,-56.25,29.0,2.7684162,-1.1631633,-0.19926648,-0.9790025,0.14453116,-0.14375314,-0.18813801,-0.36915207,0.91012675,0.0784749,0.91806173,0.38859257,0.0,0.0,0.0,0.0,0.0
1477589087553,0.79487497,9.299079,3.9360676,-0.5759925,-0.04851246,1.3066888,1.3708675,9.347591,2.6293788,-12.5,-56.375,28.875,2.7696557,-1.1631633,-0.19926648,-0.9792349,0.14407349,-0.14262491,-0.18692435,-0.3693309,0.91030425,0.0784749,0.91806173,0.38859257,0.0,0.0,0.0,0.0,0.0
1477589087571,0.79487497,9.299079,3.9360676,-0.5759925,-0.04851246,1.3066888,1.3708675,9.347591,2.6293788,-12.5625,-56.4375,28.75,2.768237,-1.1631633,-0.19926648,-0.97896874,0.14459725,-0.1439161,-0.18831328,-0.36912617,0.910101,0.0784749,0.91806173,0.38859257,0.0,0.0,0.0,0.0,0.0
1477589087591,0.79487497,9.299079,3.9360676,-0.5759925,-0.04851246,1.3066888,1.3708675,9.347591,2.6293788,-12.6875,-56.4375,28.6875,2.7655742,-1.1631633,-0.19926648,-0.97846377,0.14557971,-0.14633915,-0.19091958,-0.3687398,0.9097145,0.0784749,0.91806173,0.38859257,0.0,0.0,0.0,0.0,0.0
1477589087611,0.79487497,9.299079,3.9360676,-0.5759925,-0.04851246,1.3066888,1.3708675,9.347591,2.6293788,-12.625,-56.6875,28.5,2.766998,-1.1631633,-0.19926648,-0.9787346,0.14505452,-0.14504373,-0.1895262,-0.36894673,0.9099219,0.0784749,0.91806173,0.38859257,0.0,0.0,0.0,0.0,0.0
1477589087631,0.79487497,9.299079,3.9360676,-0.5759925,-0.04851246,1.3066888,1.3708675,9.347591,2.6293788,-12.6875,-56.875,28.3125,2.7657535,-1.1631633,-0.19926648,-0.97849804,0.14551358,-0.146176,-0.19074409,-0.36876592,0.9097408,0.0784749,0.91806173,0.38859257,0.0,0.0,0.0,0.0,0.0
1477589087651,0.79487497,9.299079,3.9360676,-0.5759925,-0.04851246,1.3066888,1.3708675,9.347591,2.6293788,-12.5625,-56.9375,28.0625,2.7676926,-1.1631633,-0.19926648,-0.9788661,0.14479826,-0.14441173,-0.18884641,-0.3690474,0.91002256,0.0784749,0.91806173,0.38859257,0.0,0.0,0.0,0.0,0.0
1477589087671,0.79487497,9.299079,3.9360676,-0.5759925,-0.04851246,1.3066888,1.3708675,9.347591,2.6293788,-12.3125,-56.9375,28.125,2.772878,-1.1631633,-0.19926648,-0.9798322,0.14288263,-0.13969086,-0.18376796,-0.3697933,0.91075915,0.0784749,0.91806173,0.38859257,0.0,0.0,0.0,0.0,0.0
1477589087690,0.79487497,9.299079,3.9360676,-0.5759925,-0.04851246,1.3066888,1.3708675,9.347591,2.6293788,-12.125,-56.8125,28.375,2.776969,-1.1631633,-0.19926648,-0.98057574,0.14136864,-0.13596389,-0.17975804,-0.37037468,0.91132295,0.0784749,0.91806173,0.38859257,0.0,0.0,0.0,0.0,0.0
1477589087709,0.94810385,9.500193,3.763685,-0.5759925,-0.04851246,1.3066888,1.3708675,9.347591,2.6293788,-12.125,-56.8125,28.375,2.7416947,-1.1829445,-0.24677399,-0.9812355,0.14724272,-0.12448467,-0.16923869,-0.348361,0.92195606,0.092385724,0.9257237,0.36674333,0.0,0.0,0.0,0.0,0.0
1477589087708,0.94810385,9.500193,3.763685,-0.5759925,-0.04851246,1.3066888,1.341627,9.396808,2.4638195,-12.125,-56.8125,28.375,2.7416947,-1.1829445,-0.24677399,-0.9812355,0.14724272,-0.12448467,-0.16923869,-0.348361,0.92195606,0.092385724,0.9257237,0.36674333,0.0,0.0,0.0,0.0,0.0
1477589087708,0.94810385,9.500193,3.763685,-0.39352316,0.10338497,1.2998655,1.341627,9.396808,2.4638195,-12.125,-56.8125,28.375,2.7416947,-1.1829445,-0.24677399,-0.9812355,0.14724272,-0.12448467,-0.16923869,-0.348361,0.92195606,0.092385724,0.9257237,0.36674333,0.0,0.0,0.0,0.0,0.0
1477589087710,0.94810385,9.500193,3.763685,-0.39352316,0.10338497,1.2998655,1.341627,9.396808,2.4638195,-12.3125,-56.9375,28.625,2.7389116,-1.1829445,-0.24677399,-0.98076063,0.1482117,-0.12705018,-0.171969,-0.3479498,0.92160594,0.092385724,0.9257237,0.36674333,0.0,0.0,0.0,0.0,0.0
1477589087705,0.94810385,9.500193,3.763685,-0.39352316,0.10338497,1.2998655,1.341627,9.396808,2.4638195,-12.3125,-56.9375,28.625,2.7389116,-1.1829445,-0.24677399,-0.98076063,0.1482117,-0.12705018,-0.171969,-0.3479498,0.92160594,0.092385724,0.9257237,0.36674333,0.0,40.81583616,-96.6856705,337.0,28.0
1477589087730,0.94810385,9.500193,3.763685,-0.39352316,0.10338497,1.2998655,1.341627,9.396808,2.4638195,-12.5,-56.875,28.625,2.7349143,-1.1829445,-0.24677399,-0.9800654,0.1496014,-0.13073319,-0.17588812,-0.3473546,0.9210907,0.092385724,0.9257237,0.36674333,0.0,40.81583616,-96.6856705,337.0,28.0
1477589087750,0.94810385,9.500193,3.763685,-0.39352316,0.10338497,1.2998655,1.341627,9.396808,2.4638195,-12.375,-57.0,28.5,2.7375033,-1.1829445,-0.24677399,-0.98051757,0.14870158,-0.1283479,-0.17335,-0.34774077,0.92142624,0.092385724,0.9257237,0.36674333,0.0,40.81583616,-96.6856705,337.0,28.0
1477589087770,0.94810385,9.500193,3.763685,-0.39352316,0.10338497,1.2998655,1.341627,9.396808,2.4638195,-12.25,-56.875,28.75,2.740315,-1.1829445,-0.24677399,-0.981001,0.14772324,-0.12575664,-0.17059241,-0.34815747,0.9217834,0.092385724,0.9257237,0.36674333,0.0,40.81583616,-96.6856705,337.0,28.0
1477589087789,0.94810385,9.500193,3.763685,-0.39352316,0.10338497,1.2998655,1.341627,9.396808,2.4638195,-12.125,-56.6875,29.1875,2.7433934,-1.1829445,-0.24677399,-0.98152155,0.14665079,-0.12291846,-0.16757172,-0.34861058,0.92216617,0.092385724,0.9257237,0.36674333,0.0,40.81583616,-96.6856705,337.0,28.0
1477589087810,0.94810385,9.500193,3.763685,-0.39352316,0.10338497,1.2998655,1.341627,9.396808,2.4638195,-11.9375,-56.5625,29.5625,2.7477176,-1.1829445,-0.24677399,-0.982237,0.14514196,-0.11892973,-0.1633259,-0.34924147,0.922689,0.092385724,0.9257237,0.36674333,0.0,40.81583616,-96.6856705,337.0,28.0
1477589087830,0.94810385,9.500193,3.763685,-0.39352316,0.10338497,1.2998655,1.341627,9.396808,2.4638195,-12.0,-56.5625,29.9375,2.7473772,-1.1829445,-0.24677399,-0.9821813,0.14526083,-0.119243756,-0.1636602,-0.34919202,0.92264855,0.092385724,0.9257237,0.36674333,0.0,40.81583616,-96.6856705,337.0,28.0
1477589087849,0.94810385,9.500193,3.763685,-0.39352316,0.10338497,1.2998655,1.341627,9.396808,2.4638195,-11.8125,-56.4375,30.1875,2.7513335,-1.1829445,-0.24677399,-0.9828212,0.14387818,-0.11559254,-0.15977311,-0.34976402,0.92311317,0.092385724,0.9257237,0.36674333,0.0,40.81583616,-96.6856705,337.0,28.0
1477589087869,0.94810385,9.500193,3.763685,-0.39352316,0.10338497,1.2998655,1.341627,9.396808,2.4638195,-11.75,-56.3125,30.5,2.7529335,-1.1829445,-0.24677399,-0.9830755,0.14331837,-0.11411544,-0.15820041,-0.34999374,0.9232968,0.092385724,0.9257237,0.36674333,0.0,40.81583616,-96.6856705,337.0,28.0
1477589087888,0.94810385,9.500193,3.763685,-0.39352316,0.10338497,1.2998655,1.341627,9.396808,2.4638195,-11.5625,-56.375,30.875,2.7576487,-1.1829445,-0.24677399,-0.98381054,0.1416665,-0.10976065,-0.15356328,-0.35066563,0.92382467,0.092385724,0.9257237,0.36674333,0.0,40.81583616,-96.6856705,337.0,28.0
1477589087907,1.3599066,10.1226845,5.6982,-0.39352316,0.10338497,1.2998655,1.341627,9.396808,2.4638195,-11.5625,-56.375,30.875,2.8006968,-1.0461688,-0.23427327,-0.9838834,0.16746351,-0.06268487,-0.13584398,-0.47206718,0.87103325,0.11627484,0.8655106,0.48720798,0.0,40.81583616,-96.6856705,337.0,28.0
1477589087907,1.3599066,10.1226845,5.6982,-0.39352316,0.10338497,1.2998655,1.5436475,9.402945,2.3177989,-11.5625,-56.375,30.875,2.8006968,-1.0461688,-0.23427327,-0.9838834,0.16746351,-0.06268487,-0.13584398,-0.47206718,0.87103325,0.11627484,0.8655106,0.48720798,0.0,40.81583616,-96.6856705,337.0,28.0
1477589087907,1.3599066,10.1226845,5.6982,-0.18374097,0.7197399,3.3804014,1.5436475,9.402945,2.3177989,-11.5625,-56.375,30.875,2.8006968,-1.0461688,-0.23427327,-0.9838834,0.16746351,-0.06268487,-0.13584398,-0.47206718,0.87103325,0.11627484,0.8655106,0.48720798,0.0,40.81583616,-96.6856705,337.0,28.0
1477589087908,1.3599066,10.1226845,5.6982,-0.18374097,0.7197399,3.3804014,1.5436475,9.402945,2.3177989,-11.6875,-56.0625,31.4375,2.7981703,-1.0461688,-0.23427327,-0.983537,0.16865565,-0.0648853,-0.1383293,-0.47164255,0.8708721,0.11627484,0.8655106,0.48720798,0.0,40.81583616,-96.6856705,337.0,28.0
1477589087928,1.3599066,10.1226845,5.6982,-0.18374097,0.7197399,3.3804014,1.5436475,9.402945,2.3177989,-11.75,-55.8125,31.375,2.796222,-1.0461688,-0.23427327,-0.9832657,0.16957426,-0.06658194,-0.1402453,-0.4713131,0.8707441,0.11627484,0.8655106,0.48720798,0.0,40.81583616,-96.6856705,337.0,28.0
1477589087948,1.3599066,10.1226845,5.6982,-0.18374097,0.7197399,3.3804014,1.5436475,9.402945,2.3177989,-11.625,-55.875,31.1875,2.7984176,-1.0461688,-0.23427327,-0.9835712,0.16853905,-0.06467001,-0.13808616,-0.47168425,0.8708881,0.11627484,0.8655106,0.48720798,0.0,40.81583616,-96.6856705,337.0,28.0
1477589087968,1.3599066,10.1226845,5.6982,-0.18374097,0.7197399,3.3804014,1.5436475,9.402945,2.3177989,-12.0,-55.875,31.25,2.7918124,-1.0461688,-0.23427327,-0.9826377,0.17165095,-0.07042099,-0.14457983,-0.47056073,0.87044203,0.11627484,0.8655106,0.48720798,0.0,40.81583616,-96.6856705,337.0,28.0
1477589087987,1.3599066,10.1226845,5.6982,-0.18374097,0.7197399,3.3804014,1.5436475,9.402945,2.3177989,-11.9375,-55.5625,31.4375,2.7921922,-1.0461688,-0.23427327,-0.9826925,0.1714722,-0.070090406,-0.14420661,-0.47062588,0.8704686,0.11627484,0.8655106,0.48720798,0.0,40.81583616,-96.6856705,337.0,28.0
1477589088007,1.3599066,10.1226845,5.6982,-0.18374097,0.7197399,3.3804014,1.5436475,9.402945,2.3177989,-12.25,-55.4375,31.5,2.786328,-1.0461688,-0.23427327,-0.98183,0.174229,-0.07519358,-0.1499666,-0.4696123,0.8700427,0.11627484,0.8655106,0.48720798,0.0,40.81583616,-96.6856705,337.0,28.0
1477589088027,1.3599066,10.1226845,5.6982,-0.18374097,0.7197399,3.3804014,1.5436475,9.402945,2.3177989,-12.25,-55.3125,31.75,2.7862744,-1.0461688,-0.23427327,-0.98182195,0.17425425,-0.07524035,-0.15001938,-0.46960294,0.8700387,0.11627484,0.8655106,0.48720798,0.0,40.81583616,-96.6856705,337.0,28.0
1477589088046,1.3599066,10.1226845,5.6982,-0.18374097,0.7197399,3.3804014,1.5436475,9.402945,2.3177989,-12.4375,-55.0625,32.0,2.7825158,-1.0461688,-0.23427327,-0.9812511,0.17601806,-0.07850993,-0.15370858,-0.46894467,0.86974967,0.11627484,0.8655106,0.48720798,0.0,40.81583616,-96.6856705,337.0,28.0
1477589088066,1.3599066,10.1226845,5.6982,-0.18374097,0.7197399,3.3804014,1.5436475,9.402945,2.3177989,-12.6875,-55.3125,32.3125,2.7793586,-1.0461688,-0.23427327,-0.98076093,0.17749767,-0.081255406,-0.1568057,-0.4683866,0.8694975,0.11627484,0.8655106,0.48720798,0.0,40.81583616,-96.6856705,337.0,28.0
1477589088086,1.3599066,10.1226845,5.6982,-0.18374097,0.7197399,3.3804014,1.5436475,9.402945,2.3177989,-12.9375,-55.125,32.6875,2.7749515,-1.0461688,-0.23427327,-0.98006034,0.17956024,-0.085086726,-0.16112664,-0.46759978,0.8691309,0.11627484,0.8655106,0.48720798,0.0,40.81583616,-96.6856705,337.0,28.0
1477589088105,1.3503298,9.088389,3.3806129,-0.18374097,0.7197399,3.3804014,1.5436475,9.402945,2.3177989,-12.9375,-55.125,32.6875,2.641917,-1.1898193,-0.38001785,-0.98010653,0.17815796,-0.08746988,-0.14271656,-0.3263674,0.93440706,0.13792472,0.9283018,0.34530088,0.0,40.81583616,-96.6856705,337.0,28.0
1477589088104,1.3503298,9.088389,3.3806129,-0.18374097,0.7197399,3.3804014,2.3663805,9.332312,1.8651036,-12.9375,-55.125,32.6875,2.641917,-1.1898193,-0.38001785,-0.98010653,0.17815796,-0.08746988,-0.14271656,-0.3263674,0.93440706,0.13792472,0.9283018,0.34530088,0.0,40.81583616,-96.6856705,337.0,28.0
1477589088105,1.3503298,9.088389,3.3806129,-1.0160507,-0.24392223,1.5155092,2.3663805,9.332312,1.8651036,-12.9375,-55.125,32.6875,2.641917,-1.1898193,-0.38001785,-0.98010653,0.17815796,-0.08746988,-0.14271656,-0.3263674,0.93440706,0.13792472,0.9283018,0.34530088,0.0,40.81583616,-96.6856705,337.0,28.0
1477589088106,1.3503298,9.088389,3.3806129,-1.0160507,-0.24392223,1.5155092,2.3663805,9.332312,1.8651036,-13.625,-54.9375,33.3125,2.6291227,-1.1898193,-0.38001785,-0.97820044,0.18231884,-0.09941733,-0.15524414,-0.32406136,0.9332115,0.13792472,0.9283018,0.34530088,0.0,40.81583616,-96.6856705,337.0,28.0
1477589088126,1.3503298,9.088389,3.3806129,-1.0160507,-0.24392223,1.5155092,2.3663805,9.332312,1.8651036,-14.0,-54.5625,33.75,2.621495,-1.1898193,-0.38001785,-0.97698784,0.18478537,-0.10653266,-0.16270101,-0.32266125,0.93242604,0.13792472,0.9283018,0.34530088,0.0,40.81583616,-96.6856705,337.0,28.0
1477589088146,1.3503298,9.088389,3.3806129,-1.0160507,-0.24392223,1.5155092,2.3663805,9.332312,1.8651036,-14.8125,-54.1875,34.0,2.605285,-1.1898193,-0.38001785,-0.9742222,0.18999127,-0.121632785,-0.17851609,-0.31962362,0.9305767,0.13792472,0.9283018,0.34530088,0.0,40.81583616,-96.6856705,337.0,28.0
1477589088165,1.3503298,9.088389,3.3806129,-1.0160507,-0.24392223,1.5155092,2.3663805,9.332312,1.8651036,-15.375,-54.0,34.25,2.5946212,-1.1898193,-0.38001785,-0.9722632,0.19338875,-0.13154903,-0.18889451,-0.31757948,0.92922676,0.13792472,0.9283018,0.34530088,0.0,40.81583616,-96.6856705,337.0,28.0
1477589088185,1.3503298,9.088389,3.3806129,-1.0160507,-0.24392223,1.5155092,2.3663805,9.332312,1.8651036,-16.0625,-53.625,34.5,2.5810375,-1.1898193,-0.38001785,-0.96960765,0.19768468,-0.14415888,-0.20208365,-0.31492332,0.92735416,0.13792472,0.9283018,0.34530088,0.0,40.81583616,-96.6856705,337.0,28.0
1477589088205,1.3503298,9.088389,3.3806129,-1.0160507,-0.24392223,1.5155092,2.3663805,9.332312,1.8651036,-16.875,-53.375,34.8125,2.5659502,-1.1898193,-0.38001785,-0.96644855,0.20241332,-0.1581331,-0.21668875,-0.31190506,0.92507374,0.13792472,0.9283018,0.34530088,0.0,40.81583616,-96.6856705,337.0,28.0
1477589088225,1.3503298,9.088389,3.3806129,-1.0160507,-0.24392223,1.5155092,2.3663805,9.332312,1.8651036,-17.625,-52.875,34.75,2.5500164,-1.1898193,-0.38001785,-0.96287334,0.2073573,-0.1728525,-0.23205996,-0.3086404,0.9224368,0.13792472,0.9283018,0.34530088,0.0,40.81583616,-96.6856705,337.0,28.0
1477589088244,1.3503298,9.088389,3.3806129,-1.0160507,-0.24392223,1.5155092,2.3663805,9.332312,1.8651036,-18.5625,-52.6875,34.875,2.5325742,-1.1898193,-0.38001785,-0.95867944,0.21270877,-0.18891451,-0.2488182,-0.30497685,0.91928166,0.13792472,0.9283018,0.34530088,0.0,40.81583616,-96.6856705,337.0,28.0
1477589088264,1.3503298,9.088389,3.3806129,-1.0160507,-0.24392223,1.5155092,2.3663805,9.332312,1.8651036,-19.25,-52.625,34.9375,2.520101,-1.1898193,-0.38001785,-0.9555014,0.21649621,-0.20036602,-0.26075646,-0.30230004,0.91685385,0.13792472,0.9283018,0.34530088,0.0,40.81583616,-96.6856705,337.0,28.0
1477589088284,1.3503298,9.088389,3.3806129,-1.0160507,-0.24392223,1.5155092,2.3663805,9.332312,1.8651036,-20.125,-52.4375,34.9375,2.503603,-1.1898193,-0.38001785,-0.9510696,0.22145389,-0.21546438,-0.2764842,-0.2986873,0.9134236,0.13792472,0.9283018,0.34530088,0.0,40.81583616,-96.6856705,337.0,28.0
1477589088302,3.3135753,9.279925,3.122039,-1.0160507,-0.24392223,1.5155092,2.3663805,9.332312,1.8651036,-20.125,-52.4375,34.9375,2.24665,-1.1147012,-0.81515133,-0.93877405,0.3436239,-0.025017526,-0.12624812,-0.27552676,0.9529671,0.3205693,0.8977792,0.30203927,0.0,40.81583616,-96.6856705,337.0,28.0
1477589088303,3.3135753,9.279925,3.122039,-1.0160507,-0.24392223,1.5155092,3.7635427,8.909439,1.6211207,-20.125,-52.4375,34.9375,2.24665,-1.1147012,-0.81515133,-0.93877405,0.3436239,-0.025017526,-0.12624812,-0.27552676,0.9529671,0.3205693,0.8977792,0.30203927,0.0,40.81583616,-96.6856705,337.0,28.0
1477589088303,3.3135753,9.279925,3.122039,-0.44996738,0.37048626,1.5009184,3.7635427,8.909439,1.6211207,-20.125,-52.4375,34.9375,2.24665,-1.1147012,-0.81515133,-0.93877405,0.3436239,-0.025017526,-0.12624812,-0.27552676,0.9529671,0.3205693,0.8977792,0.30203927,0.0,40.81583616,-96.6856705,337.0,28.0
1477589088305,3.3135753,9.279925,3.122039,-0.44996738,0.37048626,1.5009184,3.7635427,8.909439,1.6211207,-20.8125,-52.25,35.125,2.2326868,-1.1147012,-0.81515133,-0.9369198,0.34743753,-0.038321175,-0.13934372,-0.27070197,0.9525249,0.3205693,0.8977792,0.30203927,0.0,40.81583616,-96.6856705,337.0,28.0
1477589088324,3.3135753,9.279925,3.122039,-0.44996738,0.37048626,1.5009184,3.7635427,8.909439,1.6211207,-21.6875,-52.1875,35.25,2.2161932,-1.1147012,-0.81515133,-0.9344942,0.35185498,-0.05402586,-0.15477732,-0.26493493,0.9517634,0.3205693,0.8977792,0.30203927,0.0,40.81583616,-96.6856705,337.0,28.0
1477589088343,3.3135753,9.279925,3.122039,-0.44996738,0.37048626,1.5009184,3.7635427,8.909439,1.6211207,-22.6875,-51.875,35.5625,2.1960876,-1.1147012,-0.81515133,-0.93119365,0.3571101,-0.07314921,-0.17353311,-0.25780764,0.9504849,0.3205693,0.8977792,0.30203927,0.0,40.81583616,-96.6856705,337.0,28.0
1477589088363,3.3135753,9.279925,3.122039,-0.44996738,0.37048626,1.5009184,3.7635427,8.909439,1.6211207,-23.5,-51.4375,35.625,2.1783502,-1.1147012,-0.81515133,-0.9279692,0.3616265,-0.08999611,-0.19002205,-0.25143316,0.9490378,0.3205693,0.8977792,0.30203927,0.0,40.81583616,-96.6856705,337.0,28.0
1477589088383,3.3135753,9.279925,3.122039,-0.44996738,0.37048626,1.5009184,3.7635427,8.909439,1.6211207,-24.375,-51.125,35.875,2.1608393,-1.1147012,-0.81515133,-0.9244997,0.3659737,-0.10659998,-0.20624167,-0.24506253,0.9473166,0.3205693,0.8977792,0.30203927,0.0,40.81583616,-96.6856705,337.0,28.0
1477589088403,3.3135753,9.279925,3.122039,-0.44996738,0.37048626,1.5009184,3.7635427,8.909439,1.6211207,-25.4375,-50.6875,36.0,2.1390338,-1.1147012,-0.81515133,-0.9197831,0.37122998,-0.12722959,-0.2263501,-0.2370247,0.9447671,0.3205693,0.8977792,0.30203927,0.0,40.81583616,-96.6856705,337.0,28.0
1477589088422,3.3135753,9.279925,3.122039,-0.44996738,0.37048626,1.5009184,3.7635427,8.909439,1.6211207,-26.75,-50.0,36.25,2.11161,-1.1147012,-0.81515133,-0.9132306,0.3775897,-0.15308781,-0.25148597,-0.22675624,0.94092315,0.3205693,0.8977792,0.30203927,0.0,40.81583616,-96.6856705,337.0,28.0
1477589088441,3.3135753,9.279925,3.122039,-0.44996738,0.37048626,1.5009184,3.7635427,8.909439,1.6211207,-27.625,-49.4375,36.5,2.0930753,-1.1147012,-0.81515133,-0.9084128,0.38172743,-0.17050008,-0.2683681,-0.21971923,0.93792427,0.3205693,0.8977792,0.30203927,0.0,40.81583616,-96.6856705,337.0,28.0
1477589082831,3.3135753,9.279925,3.122039,-0.44996738,0.37048626,1.5009184,3.7635427,8.909439,1.6211207,-27.625,-49.4375,36.5,2.0930753,-1.1147012,-0.81515133,-0.9084128,0.38172743,-0.17050008,-0.2683681,-0.21971923,0.93792427,0.3205693,0.8977792,0.30203927,0.0,40.8243303,-96.6735791,0.0,1929.0
1477589088462,3.3135753,9.279925,3.122039,-0.44996738,0.37048626,1.5009184,3.7635427,8.909439,1.6211207,-28.75,-48.875,36.4375,2.0693796,-1.1147012,-0.81515133,-0.9017992,0.3868262,-0.19267501,-0.28981632,-0.21061307,0.93362117,0.3205693,0.8977792,0.30203927,0.0,40.8243303,-96.6735791,0.0,1929.0
1477589088482,3.3135753,9.279925,3.122039,-0.44996738,0.37048626,1.5009184,3.7635427,8.909439,1.6211207,-29.875,-48.0,36.5625,2.0442653,-1.1147012,-0.81515133,-0.894237,0.3919931,-0.21605912,-0.31237072,-0.20083277,0.9284883,0.3205693,0.8977792,0.30203927,0.0,40.8243303,-96.6735791,0.0,1929.0
1477589088490,4.7788267,8.121132,2.4133554,-0.44996738,0.37048626,1.5009184,3.7635427,8.909439,1.6211207,-29.875,-48.0,36.5625,1.941414,-0.98796445,-1.1031487,-0.8579351,0.51302105,-0.027509002,-0.15025274,-0.19934659,0.96834135,0.49129573,0.83490735,0.24810927,0.0,40.8243303,-96.6735791,0.0,1929.0
1477589088489,4.7788267,8.121132,2.4133554,-0.44996738,0.37048626,1.5009184,5.3168,8.118398,1.4119729,-29.875,-48.0,36.5625,1.941414,-0.98796445,-1.1031487,-0.8579351,0.51302105,-0.027509002,-0.15025274,-0.19934659,0.96834135,0.49129573,0.83490735,0.24810927,0.0,40.8243303,-96.6735791,0.0,1929.0
1477589088490,4.7788267,8.121132,2.4133554,-0.5379734,0.0027341843,1.0013825,5.3168,8.118398,1.4119729,-29.875,-48.0,36.5625,1.941414,-0.98796445,-1.1031487,-0.8579351,0.51302105,-0.027509002,-0.15025274,-0.19934659,0.96834135,0.49129573,0.83490735,0.24810927,0.0,40.8243303,-96.6735791,0.0,1929.0
1477589088501,4.7788267,8.121132,2.4133554,-0.5379734,0.0027341843,1.0013825,5.3168,8.118398,1.4119729,-30.75,-47.375,36.3125,1.9195148,-0.98796445,-1.1031487,-0.85443926,0.5172633,-0.048706613,-0.16900332,-0.18806493,0.9675068,0.49129573,0.83490735,0.24810927,0.0,40.8243303,-96.6735791,0.0,1929.0
1477589088509,4.8841715,7.9583263,2.3942018,-0.5379734,0.0027341843,1.0013825,5.3168,8.118398,1.4119729,-30.75,-47.375,36.3125,1.926336,-0.97123814,-1.1150225,-0.84816456,0.52898717,-0.028097598,-0.15458201,-0.19642304,0.9682574,0.50667673,0.825585,0.24837096,0.0,40.8243303,-96.6735791,0.0,1929.0
1477589088509,4.8841715,7.9583263,2.3942018,-0.5379734,0.0027341843,1.0013825,5.471881,8.01392,1.4163299,-30.75,-47.375,36.3125,1.926336,-0.97123814,-1.1150225,-0.84816456,0.52898717,-0.028097598,-0.15458201,-0.19642304,0.9682574,0.50667673,0.825585,0.24837096,0.0,40.8243303,-96.6735791,0.0,1929.0
1477589088509,4.8841715,7.9583263,2.3942018,-0.5877094,-0.05559349,0.9778719,5.471881,8.01392,1.4163299,-30.75,-47.375,36.3125,1.926336,-0.97123814,-1.1150225,-0.84816456,0.52898717,-0.028097598,-0.15458201,-0.19642304,0.9682574,0.50667673,0.825585,0.24837096,0.0,40.8243303,-96.6735791,0.0,1929.0
1477589088521,4.8841715,7.9583263,2.3942018,-0.5877094,-0.05559349,0.9778719,5.471881,8.01392,1.4163299,-31.875,-46.75,36.375,1.9003327,-0.97123814,-1.1150225,-0.84385866,0.5339154,-0.05326316,-0.17658235,-0.18260278,0.96719956,0.50667673,0.825585,0.24837096,0.0,40.8243303,-96.6735791,0.0,1929.0
1477589088529,5.0757074,7.776367,2.3080103,-0.5877094,-0.05559349,0.9778719,5.471881,8.01392,1.4163299,-31.875,-46.75,36.375,1.9014933,-0.9487382,-1.1440268,-0.83410984,0.5511356,-0.0225887,-0.15129247,-0.18920699,0.970212,0.53044444,0.8126809,0.24120209,0.0,40.8243303,-96.6735791,0.0,1929.0
1477589088529,5.0757074,7.776367,2.3080103,-0.5877094,-0.05559349,0.9778719,5.638623,7.899771,1.4035475,-31.875,-46.75,36.375,1.9014933,-0.9487382,-1.1440268,-0.83410984,0.5511356,-0.0225887,-0.15129247,-0.18920699,0.970212,0.53044444,0.8126809,0.24120209,0.0,40.8243303,-96.6735791,0.0,1929.0
1477589088529,5.0757074,7.776367,2.3080103,-0.5629158,-0.123404026,0.9044628,5.638623,7.899771,1.4035475,-31.875,-46.75,36.375,1.9014933,-0.9487382,-1.1440268,-0.83410984,0.5511356,-0.0225887,-0.15129247,-0.18920699,0.970212,0.53044444,0.8126809,0.24120209,0.0,40.8243303,-96.6735791,0.0,1929.0
1477589088542,5.0757074,7.776367,2.3080103,-0.5629158,-0.123404026,0.9044628,5.638623,7.899771,1.4035475,-32.8125,-46.1875,36.3125,1.8791527,-0.9487382,-1.1440268,-0.830522,0.5552247,-0.044256467,-0.16988774,-0.17684804,0.96946526,0.53044444,0.8126809,0.24120209,0.0,40.8243303,-96.6735791,0.0,1929.0
1477589088549,5.2863975,7.6614456,2.6527755,-0.5629158,-0.123404026,0.9044628,5.638623,7.899771,1.4035475,-32.8125,-46.1875,36.3125,1.9335136,-0.9133613,-1.1057005,-0.82058793,0.5713289,-0.01479627,-0.16830109,-0.21682405,0.9615937,0.546178,0.79156226,0.27407843,0.0,40.8243303,-96.6735791,0.0,1929.0
1477589088549,5.2863975,7.6614456,2.6527755,-0.5629158,-0.123404026,0.9044628,5.8129845,7.773415,1.3977216,-32.8125,-46.1875,36.3125,1.9335136,-0.9133613,-1.1057005,-0.82058793,0.5713289,-0.01479627,-0.16830109,-0.21682405,0.9615937,0.546178,0.79156226,0.27407843,0.0,40.8243303,-96.6735791,0.0,1929.0
1477589088548,5.2863975,7.6614456,2.6527755,-0.526587,-0.11196947,1.2550539,5.8129845,7.773415,1.3977216,-32.8125,-46.1875,36.3125,1.9335136,-0.9133613,-1.1057005,-0.82058793,0.5713289,-0.01479627,-0.16830109,-0.21682405,0.9615937,0.546178,0.79156226,0.27407843,0.0,40.8243303,-96.6735791,0.0,1929.0
1477589088560,5.2863975,7.6614456,2.6527755,-0.526587,-0.11196947,1.2550539,5.8129845,7.773415,1.3977216,-33.6875,-45.4375,36.5,1.9109228,-0.9133613,-1.1057005,-0.8165768,0.5760809,-0.036513817,-0.18679431,-0.20386304,0.9610141,0.546178,0.79156226,0.27407843,0.0,40.8243303,-96.6735791,0.0,1929.0
1477589088569,5.66947,7.699753,2.777274,-0.526587,-0.11196947,1.2550539,5.8129845,7.773415,1.3977216,-33.6875,-45.4375,36.5,1.9292445,-0.8840274,-1.1152897,-0.80464643,0.5937438,-0.0035149027,-0.16832873,-0.22243556,0.96030617,0.56939405,0.7732987,0.27892613,0.0,40.8243303,-96.6735791,0.0,1929.0
1477589088568,5.66947,7.699753,2.777274,-0.526587,-0.11196947,1.2550539,5.9938636,7.6359773,1.3913527,-33.6875,-45.4375,36.5,1.9292445,-0.8840274,-1.1152897,-0.80464643,0.5937438,-0.0035149027,-0.16832873,-0.22243556,0.96030617,0.56939405,0.7732987,0.27892613,0.0,40.8243303,-96.6735791,0.0,1929.0
1477589088568,5.66947,7.699753,2.777274,-0.32439375,0.06377554,1.3859212,5.9938636,7.6359773,1.3913527,-33.6875,-45.4375,36.5,1.9292445,-0.8840274,-1.1152897,-0.80464643,0.5937438,-0.0035149027,-0.16832873,-0.22243556,0.96030617,0.56939405,0.7732987,0.27892613,0.0,40.8243303,-96.6735791,0.0,1929.0
1477589088580,5.66947,7.699753,2.777274,-0.32439375,0.06377554,1.3859212,5.9938636,7.6359773,1.3913527,-34.4375,-44.6875,36.625,1.9086545,-0.8840274,-1.1152897,-0.8010103,0.59819764,-0.023285596,-0.18485966,-0.21016403,0.96003044,0.56939405,0.7732987,0.27892613,0.0,40.8243303,-96.6735791,0.0,1929.0
1477589088588,5.7748146,7.603985,2.2888567,-0.32439375,0.06377554,1.3859212,5.9938636,7.6359773,1.3913527,-34.4375,-44.6875,36.625,1.8604546,-0.88582116,-1.1934391,-0.79519767,0.6062983,-0.00793606,-0.14748059,-0.18070157,0.9724177,0.58814126,0.77443475,0.23311071,0.0,40.8243303,-96.6735791,0.0,1929.0
1477589088588,5.7748146,7.603985,2.2888567,-0.32439375,0.06377554,1.3859212,6.166948,7.5016046,1.3656857,-34.4375,-44.6875,36.625,1.8604546,-0.88582116,-1.1934391,-0.79519767,0.6062983,-0.00793606,-0.14748059,-0.18070157,0.9724177,0.58814126,0.77443475,0.23311071,0.0,40.8243303,-96.6735791,0.0,1929.0
1477589088588,5.7748146,7.603985,2.2888567,-0.39213324,0.102380276,0.92317104,6.166948,7.5016046,1.3656857,-34.4375,-44.6875,36.625,1.8604546,-0.88582116,-1.1934391,-0.79519767,0.6062983,-0.00793606,-0.14748059,-0.18070157,0.9724177,0.58814126,0.77443475,0.23311071,0.0,40.8243303,-96.6735791,0.0,1929.0
1477589088600,5.7748146,7.603985,2.2888567,-0.39213324,0.102380276,0.92317104,6.166948,7.5016046,1.3656857,-35.625,-44.0625,36.625,1.8333629,-0.88582116,-1.1934391,-0.79091084,0.6109708,-0.03427437,-0.1689671,-0.16421162,0.971846,0.58814126,0.77443475,0.23311071,0.0,40.8243303,-96.6735791,0.0,1929.0
1477589088608,5.985504,7.6231384,1.7429788,-0.39213324,0.102380276,0.92317104,6.166948,7.5016046,1.3656857,-35.625,-44.0625,36.625,1.7749602,-0.8853022,-1.2874323,-0.7844847,0.61990756,-0.017272104,-0.12309046,-0.12835106,0.9840603,0.6078096,0.7741063,0.17699416,0.0,40.8243303,-96.6735791,0.0,1929.0
1477589088608,5.985504,7.6231384,1.7429788,-0.39213324,0.102380276,0.92317104,6.3322453,7.368448,1.3338141,-35.625,-44.0625,36.625,1.7749602,-0.8853022,-1.2874323,-0.7844847,0.61990756,-0.017272104,-0.12309046,-0.12835106,0.9840603,0.6078096,0.7741063,0.17699416,0.0,40.8243303,-96.6735791,0.0,1929.0
1477589088608,5.985504,7.6231384,1.7429788,-0.3467412,0.25469065,0.40916467,6.3322453,7.368448,1.3338141,-35.625,-44.0625,36.625,1.7749602,-0.8853022,-1.2874323,-0.7844847,0.61990756,-0.017272104,-0.12309046,-0.12835106,0.9840603,0.6078096,0.7741063,0.17699416,0.0,40.8243303,-96.6735791,0.0,1929.0
1477589088620,5.985504,7.6231384,1.7429788,-0.3467412,0.25469065,0.40916467,6.3322453,7.368448,1.3338141,-36.75,-43.1875,36.75,1.7441939,-0.8853022,-1.2874323,-0.780327,0.6235625,-0.047535025,-0.14716409,-0.10922107,0.98306334,0.6078096,0.7741063,0.17699416,0.0,40.8243303,-96.6735791,0.0,1929.0
1477589088627,5.995081,7.144298,2.3654714,-0.3467412,0.25469065,0.40916467,6.3322453,7.368448,1.3338141,-36.75,-43.1875,36.75,1.84792,-0.8368217,-1.1949809,-0.76476014,0.6442699,-0.0076334756,-0.16405988,-0.1832578,0.9692786,0.62307805,0.74251795,0.24584709,0.0,40.8243303,-96.6735791,0.0,1929.0
1477589088628,5.995081,7.144298,2.3654714,-0.3467412,0.25469065,0.40916467,6.4927335,7.2322016,1.307693,-36.75,-43.1875,36.75,1.84792,-0.8368217,-1.1949809,-0.76476014,0.6442699,-0.0076334756,-0.16405988,-0.1832578,0.9692786,0.62307805,0.74251795,0.24584709,0.0,40.8243303,-96.6735791,0.0,1929.0
1477589088628,5.995081,7.144298,2.3654714,-0.49765253,-0.0879035,1.0577784,6.4927335,7.2322016,1.307693,-36.75,-43.1875,36.75,1.84792,-0.8368217,-1.1949809,-0.76476014,0.6442699,-0.0076334756,-0.16405988,-0.1832578,0.9692786,0.62307805,0.74251795,0.24584709,0.0,40.8243303,-96.6735791,0.0,1929.0
1477589088640,5.995081,7.144298,2.3654714,-0.49765253,-0.0879035,1.0577784,6.4927335,7.2322016,1.307693,-37.625,-42.5,36.8125,1.8255311,-0.8368217,-1.1949809,-0.76089567,0.64821094,-0.029330708,-0.18113936,-0.16878867,0.96886474,0.62307805,0.74251795,0.24584709,0.0,40.8243303,-96.6735791,0.0,1929.0
1477589088648,6.1100025,7.2209125,2.2026656,-0.49765253,-0.0879035,1.0577784,6.4927335,7.2322016,1.307693,-37.625,-42.5,36.8125,1.8066151,-0.83828044,-1.2247968,-0.7593104,0.65023375,-0.02537502,-0.16633616,-0.15624437,0.97361183,0.6291105,0.7434943,0.22679533,0.0,40.8243303,-96.6735791,0.0,1929.0
1477589088647,6.1100025,7.2209125,2.2026656,-0.49765253,-0.0879035,1.0577784,6.6478395,7.0955334,1.2767326,-37.625,-42.5,36.8125,1.8066151,-0.83828044,-1.2247968,-0.7593104,0.65023375,-0.02537502,-0.16633616,-0.15624437,0.97361183,0.6291105,0.7434943,0.22679533,0.0,40.8243303,-96.6735791,0.0,1929.0
1477589088648,6.1100025,7.2209125,2.2026656,-0.537837,0.12537909,0.925933,6.6478395,7.0955334,1.2767326,-37.625,-42.5,36.8125,1.8066151,-0.83828044,-1.2247968,-0.7593104,0.65023375,-0.02537502,-0.16633616,-0.15624437,0.97361183,0.6291105,0.7434943,0.22679533,0.0,40.8243303,-96.6735791,0.0,1929.0
1477589088659,6.1100025,7.2209125,2.2026656,-0.537837,0.12537909,0.925933,6.6478395,7.0955334,1.2767326,-38.6875,-41.875,37.1875,1.7821476,-0.83828044,-1.2247968,-0.75501364,0.65386164,-0.049186822,-0.18486288,-0.14028962,0.9726995,0.6291105,0.7434943,0.22679533,0.0,40.8243303,-96.6735791,0.0,1929.0
1477589088668,6.339846,7.335834,2.1739352,-0.537837,0.12537909,0.925933,6.6478395,7.0955334,1.2767326,-38.6875,-41.875,37.1875,1.7799951,-0.83050364,-1.2404604,-0.75049156,0.65979826,-0.037797462,-0.17225723,-0.14007843,0.9750413,0.6380359,0.7382712,0.21878271,0.0,40.8243303,-96.6735791,0.0,1929.0
1477589088667,6.339846,7.335834,2.1739352,-0.537837,0.12537909,0.925933,6.7973666,6.9576344,1.2480133,-38.6875,-41.875,37.1875,1.7799951,-0.83050364,-1.2404604,-0.75049156,0.65979826,-0.037797462,-0.17225723,-0.14007843,0.9750413,0.6380359,0.7382712,0.21878271,0.0,40.8243303,-96.6735791,0.0,1929.0
1477589088667,6.339846,7.335834,2.1739352,-0.45752048,0.37819958,0.9259219,6.7973666,6.9576344,1.2480133,-38.6875,-41.875,37.1875,1.7799951,-0.83050364,-1.2404604,-0.75049156,0.65979826,-0.037797462,-0.17225723,-0.14007843,0.9750413,0.6380359,0.7382712,0.21878271,0.0,40.8243303,-96.6735791,0.0,1929.0
