timestamp, accx, accy, accz, laccx, laccy, laccz, gravx, gravy, gravz, magfieldx, magfieldy, magfieldz, anglex, angley, anglez, rot0, rot1, rot2, rot3, rot4, rot5, rot6, rot7, rot8, speedgps, latgps, longps
277169159633419,0.8619126,9.768343,2.432509,0.0,0.0,0.0,0.0,0.0,0.0,0.0,0.0,0.0,0.0,-0.0,-0.0,0.0,0.0,0.0,0.0,0.0,0.0,0.0,0.0,0.0,0.0,0.0,0.0
277169159633419,0.8619126,9.768343,2.432509,0.0,0.0,0.0,0.8746166,9.673024,1.3557419,0.0,0.0,0.0,0.0,-0.0,-0.0,0.0,0.0,0.0,0.0,0.0,0.0,0.0,0.0,0.0,0.0,0.0,0.0
277169159633419,0.8619126,9.768343,2.432509,-0.012704015,0.095318794,1.0767671,0.8746166,9.673024,1.3557419,0.0,0.0,0.0,0.0,-0.0,-0.0,0.0,0.0,0.0,0.0,0.0,0.0,0.0,0.0,0.0,0.0,0.0,0.0
277169166237690,0.8619126,9.768343,2.432509,-0.012704015,0.095318794,1.0767671,0.8746166,9.673024,1.3557419,-26.8125,-47.8125,-3.75,1.5765096,-1.3125077,-0.34052768,-0.32828563,0.25542206,-0.90938884,-0.9407183,-0.0014593005,0.33918557,0.0853084,0.9668285,0.24075927,0.0,0.0,0.0
277169179307898,0.842759,9.749189,1.9153614,-0.012704015,0.095318794,1.0767671,0.8746166,9.673024,1.3557419,-26.8125,-47.8125,-3.75,1.4038997,-1.3593636,-0.41450685,-0.23624389,0.2069447,-0.94940126,-0.96801096,0.034862675,0.2484738,0.08451901,0.9777312,0.19208866,0.0,0.0,0.0
277169179307898,0.842759,9.749189,1.9153614,-0.012704015,0.095318794,1.0767671,0.8848735,9.6653185,1.4032103,-26.8125,-47.8125,-3.75,1.4038997,-1.3593636,-0.41450685,-0.23624389,0.2069447,-0.94940126,-0.96801096,0.034862675,0.2484738,0.08451901,0.9777312,0.19208866,0.0,0.0,0.0
277169179307898,0.842759,9.749189,1.9153614,-0.042114496,0.08387089,0.5121511,0.8848735,9.6653185,1.4032103,-26.8125,-47.8125,-3.75,1.4038997,-1.3593636,-0.41450685,-0.23624389,0.2069447,-0.94940126,-0.96801096,0.034862675,0.2484738,0.08451901,0.9777312,0.19208866,0.0,0.0,0.0
277169185721075,0.842759,9.749189,1.9153614,-0.042114496,0.08387089,0.5121511,0.8848735,9.6653185,1.4032103,-26.625,-47.625,-3.5,1.4143472,-1.3593636,-0.41450685,-0.24634413,0.20729764,-0.94675356,-0.96549004,0.032698754,0.25837892,0.08451901,0.9777312,0.19208866,0.0,0.0,0.0
1477462081000,0.842759,9.749189,1.9153614,-0.042114496,0.08387089,0.5121511,0.8848735,9.6653185,1.4032103,-26.625,-47.625,-3.5,1.4143472,-1.3593636,-0.41450685,-0.24634413,0.20729764,-0.94675356,-0.96549004,0.032698754,0.25837892,0.08451901,0.9777312,0.19208866,0.0,40.81585131,-96.68552991
277169199086961,0.79487497,9.720459,1.388637,-0.042114496,0.08387089,0.5121511,0.8848735,9.6653185,1.4032103,-26.625,-47.625,-3.5,1.1997726,-1.4076535,-0.5198885,-0.14216796,0.15136845,-0.9782003,-0.98654836,0.0588886,0.15249376,0.08068759,0.9867217,0.14096025,0.0,40.81585131,-96.68552991
277169199086961,0.79487497,9.720459,1.388637,-0.042114496,0.08387089,0.5121511,0.893219,9.662019,1.420556,-26.625,-47.625,-3.5,1.1997726,-1.4076535,-0.5198885,-0.14216796,0.15136845,-0.9782003,-0.98654836,0.0588886,0.15249376,0.08068759,0.9867217,0.14096025,0.0,40.81585131,-96.68552991
277169199086961,0.79487497,9.720459,1.388637,-0.09834403,0.05844021,-0.031919003,0.893219,9.662019,1.420556,-26.625,-47.625,-3.5,1.1997726,-1.4076535,-0.5198885,-0.14216796,0.15136845,-0.9782003,-0.98654836,0.0588886,0.15249376,0.08068759,0.9867217,0.14096025,0.0,40.81585131,-96.68552991
277169206088159,0.79487497,9.720459,1.388637,-0.09834403,0.05844021,-0.031919003,0.893219,9.662019,1.420556,-26.4375,-47.4375,-3.25,1.2104257,-1.4076535,-0.5198885,-0.1526696,0.15198721,-0.9765203,-0.98497796,0.05727273,0.16290587,0.08068759,0.9867217,0.14096025,0.0,40.81585131,-96.68552991
277169218906180,0.8810662,9.701305,1.5514427,-0.09834403,0.05844021,-0.031919003,0.893219,9.662019,1.420556,-26.4375,-47.4375,-3.25,1.2527854,-1.3889189,-0.51648295,-0.18943487,0.17180726,-0.9667454,-0.9778221,0.056556072,0.20165636,0.08932135,0.98350585,0.15728326,0.0,40.81585131,-96.68552991
277169218906180,0.8810662,9.701305,1.5514427,-0.09834403,0.05844021,-0.031919003,0.9037837,9.660341,1.4252684,-26.4375,-47.4375,-3.25,1.2527854,-1.3889189,-0.51648295,-0.18943487,0.17180726,-0.9667454,-0.9778221,0.056556072,0.20165636,0.08932135,0.98350585,0.15728326,0.0,40.81585131,-96.68552991
277169218906180,0.8810662,9.701305,1.5514427,-0.022717476,0.040964127,0.12617433,0.9037837,9.660341,1.4252684,-26.4375,-47.4375,-3.25,1.2527854,-1.3889189,-0.51648295,-0.18943487,0.17180726,-0.9667454,-0.9778221,0.056556072,0.20165636,0.08932135,0.98350585,0.15728326,0.0,40.81585131,-96.68552991
277169225668055,0.8810662,9.701305,1.5514427,-0.022717476,0.040964127,0.12617433,0.9037837,9.660341,1.4252684,-26.375,-47.3125,-3.125,1.2577316,-1.3889189,-0.51648295,-0.19426884,0.17208491,-0.9657362,-0.9768733,0.055705626,0.2064354,0.08932135,0.98350585,0.15728326,0.0,40.81585131,-96.68552991
277169238772846,0.8619126,9.720459,1.6089035,-0.022717476,0.040964127,0.12617433,0.9037837,9.660341,1.4252684,-26.375,-47.3125,-3.125,1.2926707,-1.385186,-0.49180916,-0.20426187,0.17745493,-0.9626976,-0.97502947,0.050667994,0.21621807,0.08714693,0.9828238,0.16267428,0.0,40.81585131,-96.68552991
277169238772846,0.8619126,9.720459,1.6089035,-0.022717476,0.040964127,0.12617433,0.9117165,9.65852,1.4325348,-26.375,-47.3125,-3.125,1.2926707,-1.385186,-0.49180916,-0.20426187,0.17745493,-0.9626976,-0.97502947,0.050667994,0.21621807,0.08714693,0.9828238,0.16267428,0.0,40.81585131,-96.68552991
277169238772846,0.8619126,9.720459,1.6089035,-0.049803913,0.06193924,0.17636871,0.9117165,9.65852,1.4325348,-26.375,-47.3125,-3.125,1.2926707,-1.385186,-0.49180916,-0.20426187,0.17745493,-0.9626976,-0.97502947,0.050667994,0.21621807,0.08714693,0.9828238,0.16267428,0.0,40.81585131,-96.68552991
277169245392117,0.8619126,9.720459,1.6089035,-0.049803913,0.06193924,0.17636871,0.9117165,9.65852,1.4325348,-26.375,-47.1875,-3.0625,1.2943469,-1.385186,-0.49180916,-0.20589589,0.17753963,-0.9623339,-0.9746858,0.050370485,0.21783142,0.08714693,0.9828238,0.16267428,0.0,40.81585131,-96.68552991
277169258452117,0.80445176,9.80665,1.6950948,-0.049803913,0.06193924,0.17636871,0.9117165,9.65852,1.4325348,-26.375,-47.1875,-3.0625,1.3541033,-1.3817524,-0.44310254,-0.21702036,0.18352559,-0.95875984,-0.9728365,0.040403094,0.22794062,0.08056981,0.98218435,0.1697721,0.0,40.81585131,-96.68552991
277169258452117,0.80445176,9.80665,1.6950948,-0.049803913,0.06193924,0.17636871,0.9168515,9.655618,1.4487302,-26.375,-47.1875,-3.0625,1.3541033,-1.3817524,-0.44310254,-0.21702036,0.18352559,-0.95875984,-0.9728365,0.040403094,0.22794062,0.08056981,0.98218435,0.1697721,0.0,40.81585131,-96.68552991
277169258452117,0.80445176,9.80665,1.6950948,-0.11239976,0.15103245,0.2463646,0.9168515,9.655618,1.4487302,-26.375,-47.1875,-3.0625,1.3541033,-1.3817524,-0.44310254,-0.21702036,0.18352559,-0.95875984,-0.9728365,0.040403094,0.22794062,0.08056981,0.98218435,0.1697721,0.0,40.81585131,-96.68552991
277169265164200,0.80445176,9.80665,1.6950948,-0.11239976,0.15103245,0.2463646,0.9168515,9.655618,1.4487302,-26.375,-47.125,-3.0625,1.3536057,-1.3817524,-0.44310254,-0.21653633,0.18350548,-0.9588731,-0.97294426,0.040494397,0.2274636,0.08056981,0.98218435,0.1697721,0.0,40.81585131,-96.68552991
277169278231492,0.89064306,9.77792,1.7525556,-0.11239976,0.15103245,0.2463646,0.9168515,9.655618,1.4487302,-26.375,-47.125,-3.0625,1.3441372,-1.3723882,-0.4701835,-0.23246372,0.19206744,-0.953452,-0.96849686,0.044294987,0.24505481,0.08930019,0.9803816,0.17571972,0.0,40.81585131,-96.68552991
277169278231492,0.89064306,9.77792,1.7525556,-0.11239976,0.15103245,0.2463646,0.9247166,9.652019,1.4676044,-26.375,-47.125,-3.0625,1.3441372,-1.3723882,-0.4701835,-0.23246372,0.19206744,-0.953452,-0.96849686,0.044294987,0.24505481,0.08930019,0.9803816,0.17571972,0.0,40.81585131,-96.68552991
277169278231492,0.89064306,9.77792,1.7525556,-0.03407353,0.12590122,0.2849512,0.9247166,9.652019,1.4676044,-26.375,-47.125,-3.0625,1.3441372,-1.3723882,-0.4701835,-0.23246372,0.19206744,-0.953452,-0.96849686,0.044294987,0.24505481,0.08930019,0.9803816,0.17571972,0.0,40.81585131,-96.68552991
277169285055711,0.89064306,9.77792,1.7525556,-0.03407353,0.12590122,0.2849512,0.9247166,9.652019,1.4676044,-26.375,-47.3125,-3.4375,1.3299148,-1.3723882,-0.4701835,-0.21866639,0.19141805,-0.95684075,-0.971705,0.04702207,0.23147018,0.08930019,0.9803816,0.17571972,0.0,40.81585131,-96.68552991
277169298030034,0.92895025,9.758766,1.685518,-0.03407353,0.12590122,0.2849512,0.9247166,9.652019,1.4676044,-26.375,-47.3125,-3.4375,1.2854463,-1.3760821,-0.5037152,-0.2078815,0.18566245,-0.96037227,-0.9736855,0.05446514,0.22129264,0.09339253,0.981103,0.1694545,0.0,40.81585131,-96.68552991
277169298030034,0.92895025,9.758766,1.685518,-0.03407353,0.12590122,0.2849512,0.9320365,9.649259,1.4810557,-26.375,-47.3125,-3.4375,1.2854463,-1.3760821,-0.5037152,-0.2078815,0.18566245,-0.96037227,-0.9736855,0.05446514,0.22129264,0.09339253,0.981103,0.1694545,0.0,40.81585131,-96.68552991
277169298030034,0.92895025,9.758766,1.685518,-0.003086269,0.10950756,0.20446229,0.9320365,9.649259,1.4810557,-26.375,-47.3125,-3.4375,1.2854463,-1.3760821,-0.5037152,-0.2078815,0.18566245,-0.96037227,-0.9736855,0.05446514,0.22129264,0.09339253,0.981103,0.1694545,0.0,40.81585131,-96.68552991
277169304674513,0.92895025,9.758766,1.685518,-0.003086269,0.10950756,0.20446229,0.9320365,9.649259,1.4810557,-26.5,-47.3125,-3.5,1.2816154,-1.3760821,-0.5037152,-0.2041499,0.18545243,-0.96121293,-0.97447467,0.05517599,0.21761195,0.09339253,0.981103,0.1694545,0.0,40.81585131,-96.68552991
277169317784721,0.8619126,9.758766,1.6280571,-0.003086269,0.10950756,0.20446229,0.9320365,9.649259,1.4810557,-26.5,-47.3125,-3.5,1.2830274,-1.3842243,-0.48689926,-0.19003096,0.17786387,-0.9655323,-0.9779344,0.05264498,0.20216979,0.08678913,0.98264587,0.16393502,0.0,40.81585131,-96.68552991
277169317784721,0.8619126,9.758766,1.6280571,-0.003086269,0.10950756,0.20446229,0.93617845,9.64827,1.4848762,-26.5,-47.3125,-3.5,1.2830274,-1.3842243,-0.48689926,-0.19003096,0.17786387,-0.9655323,-0.9779344,0.05264498,0.20216979,0.08678913,0.98264587,0.16393502,0.0,40.81585131,-96.68552991
277169317784721,0.8619126,9.758766,1.6280571,-0.07426584,0.11049652,0.14318097,0.93617845,9.64827,1.4848762,-26.5,-47.3125,-3.5,1.2830274,-1.3842243,-0.48689926,-0.19003096,0.17786387,-0.9655323,-0.9779344,0.05264498,0.20216979,0.08678913,0.98264587,0.16393502,0.0,40.81585131,-96.68552991
277169325194044,0.8619126,9.758766,1.6280571,-0.07426584,0.11049652,0.14318097,0.93617845,9.64827,1.4848762,-26.625,-47.375,-3.625,1.2771825,-1.3842243,-0.48689926,-0.18431176,0.17755313,-0.9666975,-0.97902846,0.053683683,0.19652288,0.08678913,0.98264587,0.16393502,0.0,40.81585131,-96.68552991
277169337604357,0.842759,9.77792,1.5801731,-0.07426584,0.11049652,0.14318097,0.93617845,9.64827,1.4848762,-26.625,-47.375,-3.625,1.2625973,-1.3896502,-0.48995736,-0.17342216,0.17166823,-0.96977043,-0.98119164,0.054649364,0.1851386,0.08477976,0.98363787,0.15896204,0.0,40.81585131,-96.68552991
277169337604357,0.842759,9.77792,1.5801731,-0.07426584,0.11049652,0.14318097,0.9388974,9.648205,1.4835852,-26.625,-47.375,-3.625,1.2625973,-1.3896502,-0.48995736,-0.17342216,0.17166823,-0.96977043,-0.98119164,0.054649364,0.1851386,0.08477976,0.98363787,0.15896204,0.0,40.81585131,-96.68552991
277169337604357,0.842759,9.77792,1.5801731,-0.09613836,0.12971497,0.0965879,0.9388974,9.648205,1.4835852,-26.625,-47.375,-3.625,1.2625973,-1.3896502,-0.48995736,-0.17342216,0.17166823,-0.96977043,-0.98119164,0.054649364,0.1851386,0.08477976,0.98363787,0.15896204,0.0,40.81585131,-96.68552991
277169344237586,0.842759,9.77792,1.5801731,-0.09613836,0.12971497,0.0965879,0.9388974,9.648205,1.4835852,-27.0625,-47.4375,-3.8125,1.2519774,-1.3896502,-0.48995736,-0.16299254,0.1710782,-0.9716819,-0.98297805,0.056469336,0.1748296,0.08477976,0.98363787,0.15896204,0.0,40.81585131,-96.68552991
277169357680971,0.78529817,9.758766,1.934515,-0.09613836,0.12971497,0.0965879,0.9388974,9.648205,1.4835852,-27.0625,-47.4375,-3.8125,1.4244896,-1.3600295,-0.38561705,-0.22879805,0.20697466,-0.9512165,-0.9702882,0.030499727,0.24002181,0.07869028,0.97787076,0.1938468,0.0,40.81585131,-96.68552991
277169357680971,0.78529817,9.758766,1.934515,-0.09613836,0.12971497,0.0965879,0.94092214,9.647488,1.4869653,-27.0625,-47.4375,-3.8125,1.4244896,-1.3600295,-0.38561705,-0.22879805,0.20697466,-0.9512165,-0.9702882,0.030499727,0.24002181,0.07869028,0.97787076,0.1938468,0.0,40.81585131,-96.68552991
277169357680971,0.78529817,9.758766,1.934515,-0.15562397,0.111278534,0.4475497,0.94092214,9.647488,1.4869653,-27.0625,-47.4375,-3.8125,1.4244896,-1.3600295,-0.38561705,-0.22879805,0.20697466,-0.9512165,-0.9702882,0.030499727,0.24002181,0.07869028,0.97787076,0.1938468,0.0,40.81585131,-96.68552991
277169364121648,0.78529817,9.758766,1.934515,-0.15562397,0.111278534,0.4475497,0.94092214,9.647488,1.4869653,-27.0625,-47.375,-3.75,1.4264348,-1.3600295,-0.38561705,-0.23068497,0.20703359,-0.95074785,-0.96984136,0.030097075,0.24187161,0.07869028,0.97787076,0.1938468,0.0,40.81585131,-96.68552991
277169377143211,0.94810385,9.691729,1.8195933,-0.15562397,0.111278534,0.4475497,0.94092214,9.647488,1.4869653,-27.0625,-47.375,-3.75,1.3212249,-1.3621721,-0.48034748,-0.21902403,0.20069754,-0.95485544,-0.97101444,0.051154867,0.23348263,0.0957049,0.9783168,0.18367608,0.0,40.81585131,-96.68552991
277169377143211,0.94810385,9.691729,1.8195933,-0.15562397,0.111278534,0.4475497,0.9433514,9.646178,1.4938977,-27.0625,-47.375,-3.75,1.3212249,-1.3621721,-0.48034748,-0.21902403,0.20069754,-0.95485544,-0.97101444,0.051154867,0.23348263,0.0957049,0.9783168,0.18367608,0.0,40.81585131,-96.68552991
277169377143211,0.94810385,9.691729,1.8195933,0.004752457,0.045550346,0.32569563,0.9433514,9.646178,1.4938977,-27.0625,-47.375,-3.75,1.3212249,-1.3621721,-0.48034748,-0.21902403,0.20069754,-0.95485544,-0.97101444,0.051154867,0.23348263,0.0957049,0.9783168,0.18367608,0.0,40.81585131,-96.68552991
277169383853575,0.94810385,9.691729,1.8195933,0.004752457,0.045550346,0.32569563,0.9433514,9.646178,1.4938977,-26.75,-47.4375,-3.5625,1.332671,-1.3621721,-0.48034748,-0.2301238,0.20126991,-0.95212054,-0.968444,0.04885436,0.24439651,0.0957049,0.9783168,0.18367608,0.0,40.81585131,-96.68552991
277169396921440,0.93852705,9.80665,1.6759412,0.004752457,0.045550346,0.32569563,0.9433514,9.646178,1.4938977,-26.75,-47.4375,-3.5625,1.2675426,-1.3773743,-0.51048833,-0.19705883,0.18344729,-0.9630757,-0.9758827,0.057401557,0.2106132,0.09391847,0.9813522,0.16771156,0.0,40.81585131,-96.68552991
277169396921440,0.93852705,9.80665,1.6759412,0.004752457,0.045550346,0.32569563,0.94355077,9.644359,1.5054727,-26.75,-47.4375,-3.5625,1.2675426,-1.3773743,-0.51048833,-0.19705883,0.18344729,-0.9630757,-0.9758827,0.057401557,0.2106132,0.09391847,0.9813522,0.16771156,0.0,40.81585131,-96.68552991
277169396921440,0.93852705,9.80665,1.6759412,-0.005023718,0.16229153,0.17046857,0.94355077,9.644359,1.5054727,-26.75,-47.4375,-3.5625,1.2675426,-1.3773743,-0.51048833,-0.19705883,0.18344729,-0.9630757,-0.9758827,0.057401557,0.2106132,0.09391847,0.9813522,0.16771156,0.0,40.81585131,-96.68552991
277169403610034,0.93852705,9.80665,1.6759412,-0.005023718,0.16229153,0.17046857,0.94355077,9.644359,1.5054727,-26.75,-47.25,-3.5625,1.2660235,-1.3773743,-0.51048833,-0.19557613,0.18335989,-0.9633946,-0.976181,0.057680175,0.20914996,0.09391847,0.9813522,0.16771156,0.0,40.81585131,-96.68552991
277169416714773,0.92895025,9.825804,1.5897499,-0.005023718,0.16229153,0.17046857,0.94355077,9.644359,1.5054727,-26.75,-47.25,-3.5625,1.2286549,-1.3855542,-0.5288232,-0.1774682,0.17350908,-0.96871024,-0.9797296,0.06179493,0.19055524,0.09292445,0.9828917,0.15902536,0.0,40.81585131,-96.68552991
277169416714773,0.92895025,9.825804,1.5897499,-0.005023718,0.16229153,0.17046857,0.94445443,9.64315,1.5126343,-26.75,-47.25,-3.5625,1.2286549,-1.3855542,-0.5288232,-0.1774682,0.17350908,-0.96871024,-0.9797296,0.06179493,0.19055524,0.09292445,0.9828917,0.15902536,0.0,40.81585131,-96.68552991
277169416714773,0.92895025,9.825804,1.5897499,-0.015504181,0.18265343,0.077115655,0.94445443,9.64315,1.5126343,-26.75,-47.25,-3.5625,1.2286549,-1.3855542,-0.5288232,-0.1774682,0.17350908,-0.96871024,-0.9797296,0.06179493,0.19055524,0.09292445,0.9828917,0.15902536,0.0,40.81585131,-96.68552991
277169423303471,0.92895025,9.825804,1.5897499,-0.015504181,0.18265343,0.077115655,0.94445443,9.64315,1.5126343,-26.6875,-47.25,-3.5625,1.2291468,-1.3855542,-0.5288232,-0.17795013,0.17353947,-0.9686165,-0.9796423,0.06170957,0.19103177,0.09292445,0.9828917,0.15902536,0.0,40.81585131,-96.68552991
277169436520034,0.8619126,9.739613,1.7238252,-0.015504181,0.18265343,0.077115655,0.94445443,9.64315,1.5126343,-26.6875,-47.25,-3.5625,1.321914,-1.3754381,-0.4636476,-0.20487335,0.18813694,-0.960537,-0.97493106,0.047815338,0.21730888,0.08681223,0.9809782,0.17362446,0.0,40.81585131,-96.68552991
277169436520034,0.8619126,9.739613,1.7238252,-0.015504181,0.18265343,0.077115655,0.9485937,9.642403,1.514802,-26.6875,-47.25,-3.5625,1.321914,-1.3754381,-0.4636476,-0.20487335,0.18813694,-0.960537,-0.97493106,0.047815338,0.21730888,0.08681223,0.9809782,0.17362446,0.0,40.81585131,-96.68552991
277169436520034,0.8619126,9.739613,1.7238252,-0.08668107,0.09720993,0.20902324,0.9485937,9.642403,1.514802,-26.6875,-47.25,-3.5625,1.321914,-1.3754381,-0.4636476,-0.20487335,0.18813694,-0.960537,-0.97493106,0.047815338,0.21730888,0.08681223,0.9809782,0.17362446,0.0,40.81585131,-96.68552991
277169443273680,0.8619126,9.739613,1.7238252,-0.08668107,0.09720993,0.20902324,0.9485937,9.642403,1.514802,-26.625,-47.0,-3.25,1.3334739,-1.3754381,-0.4636476,-0.21612959,0.18867707,-0.9579608,-0.9724976,0.04563733,0.22839789,0.08681223,0.9809782,0.17362446,0.0,40.81585131,-96.68552991
277169456404721,0.80445176,9.902418,1.7142484,-0.08668107,0.09720993,0.20902324,0.9485937,9.642403,1.514802,-26.625,-47.0,-3.25,1.3470073,-1.3818498,-0.43876582,-0.20595258,0.18314084,-0.9612716,-0.97530353,0.041683104,0.21690036,0.07979209,0.98220265,0.17003316,0.0,40.81585131,-96.68552991
277169456404721,0.80445176,9.902418,1.7142484,-0.08668107,0.09720993,0.20902324,0.95220256,9.641463,1.5185165,-26.625,-47.0,-3.25,1.3470073,-1.3818498,-0.43876582,-0.20595258,0.18314084,-0.9612716,-0.97530353,0.041683104,0.21690036,0.07979209,0.98220265,0.17003316,0.0,40.81585131,-96.68552991
277169456404721,0.80445176,9.902418,1.7142484,-0.1477508,0.26095486,0.19573188,0.95220256,9.641463,1.5185165,-26.625,-47.0,-3.25,1.3470073,-1.3818498,-0.43876582,-0.20595258,0.18314084,-0.9612716,-0.97530353,0.041683104,0.21690036,0.07979209,0.98220265,0.17003316,0.0,40.81585131,-96.68552991
277169462977638,0.80445176,9.902418,1.7142484,-0.1477508,0.26095486,0.19573188,0.95220256,9.641463,1.5185165,-26.5625,-47.0625,-3.375,1.3428785,-1.3818498,-0.43876582,-0.20192401,0.18296719,-0.96215886,-0.97614545,0.04243889,0.21292964,0.07979209,0.98220265,0.17003316,0.0,40.81585131,-96.68552991
277169475847273,0.8714894,9.710882,1.5897499,-0.1477508,0.26095486,0.19573188,0.95220256,9.641463,1.5185165,-26.5625,-47.0625,-3.375,1.2657206,-1.3862286,-0.50145465,-0.18733174,0.17504779,-0.96657395,-0.9783274,0.055123683,0.19959262,0.08821935,0.98301566,0.16092761,0.0,40.81585131,-96.68552991
277169475847273,0.8714894,9.710882,1.5897499,-0.1477508,0.26095486,0.19573188,0.95910984,9.64004,1.523198,-26.5625,-47.0625,-3.375,1.2657206,-1.3862286,-0.50145465,-0.18733174,0.17504779,-0.96657395,-0.9783274,0.055123683,0.19959262,0.08821935,0.98301566,0.16092761,0.0,40.81585131,-96.68552991
277169475847273,0.8714894,9.710882,1.5897499,-0.08762044,0.07084179,0.066551924,0.95910984,9.64004,1.523198,-26.5625,-47.0625,-3.375,1.2657206,-1.3862286,-0.50145465,-0.18733174,0.17504779,-0.96657395,-0.9783274,0.055123683,0.19959262,0.08821935,0.98301566,0.16092761,0.0,40.81585131,-96.68552991
277169482641752,0.8714894,9.710882,1.5897499,-0.08762044,0.07084179,0.066551924,0.95910984,9.64004,1.523198,-26.375,-46.9375,-3.375,1.2663082,-1.3862286,-0.50145465,-0.18790649,0.17508014,-0.9664564,-0.978217,0.055020817,0.20016047,0.08821935,0.98301566,0.16092761,0.0,40.81585131,-96.68552991
277169495624617,0.8810662,9.854534,1.7142484,-0.08762044,0.07084179,0.066551924,0.95910984,9.64004,1.523198,-26.375,-46.9375,-3.375,1.3134061,-1.377648,-0.47475827,-0.20744006,0.1856263,-0.96047467,-0.9743047,0.048862226,0.21987039,0.087744646,0.9814048,0.17072056,0.0,40.81585131,-96.68552991
277169495624617,0.8810662,9.854534,1.7142484,-0.08762044,0.07084179,0.066551924,0.97167325,9.637489,1.531351,-26.375,-46.9375,-3.375,1.3134061,-1.377648,-0.47475827,-0.20744006,0.1856263,-0.96047467,-0.9743047,0.048862226,0.21987039,0.087744646,0.9814048,0.17072056,0.0,40.81585131,-96.68552991
277169495624617,0.8810662,9.854534,1.7142484,-0.09060705,0.21704483,0.18289745,0.97167325,9.637489,1.531351,-26.375,-46.9375,-3.375,1.3134061,-1.377648,-0.47475827,-0.20744006,0.1856263,-0.96047467,-0.9743047,0.048862226,0.21987039,0.087744646,0.9814048,0.17072056,0.0,40.81585131,-96.68552991
277169502448471,0.8810662,9.854534,1.7142484,-0.09060705,0.21704483,0.18289745,0.97167325,9.637489,1.531351,-26.125,-46.875,-3.3125,1.3178762,-1.377648,-0.47475827,-0.21179326,0.18584284,-0.9594822,-0.97336763,0.04803196,0.22416162,0.087744646,0.9814048,0.17072056,0.0,40.81585131,-96.68552991
277169515398367,0.8331822,9.9790325,1.8770541,-0.09060705,0.21704483,0.18289745,0.97167325,9.637489,1.531351,-26.125,-46.875,-3.3125,1.3995012,-1.3678323,-0.41775087,-0.23576252,0.19862327,-0.9512964,-0.96836364,0.03435991,0.24716642,0.08177946,0.9794734,0.18423876,0.0,40.81585131,-96.68552991
277169515398367,0.8331822,9.9790325,1.8770541,-0.09060705,0.21704483,0.18289745,0.9883783,9.633559,1.5453283,-26.125,-46.875,-3.3125,1.3995012,-1.3678323,-0.41775087,-0.23576252,0.19862327,-0.9512964,-0.96836364,0.03435991,0.24716642,0.08177946,0.9794734,0.18423876,0.0,40.81585131,-96.68552991
277169515398367,0.8331822,9.9790325,1.8770541,-0.15519607,0.3454733,0.33172584,0.9883783,9.633559,1.5453283,-26.125,-46.875,-3.3125,1.3995012,-1.3678323,-0.41775087,-0.23576252,0.19862327,-0.9512964,-0.96836364,0.03435991,0.24716642,0.08177946,0.9794734,0.18423876,0.0,40.81585131,-96.68552991
277169522259825,0.8331822,9.9790325,1.8770541,-0.15519607,0.3454733,0.33172584,0.9883783,9.633559,1.5453283,-26.3125,-46.875,-3.375,1.3950012,-1.3678323,-0.41775087,-0.23140243,0.19846663,-0.9523991,-0.96941483,0.035253383,0.24288301,0.08177946,0.9794734,0.18423876,0.0,40.81585131,-96.68552991
277169535408367,0.6991069,10.007763,2.078167,-0.15519607,0.3454733,0.33172584,0.9883783,9.633559,1.5453283,-26.3125,-46.875,-3.375,1.5168704,-1.3551137,-0.324513,-0.25992042,0.21370336,-0.9416859,-0.96321607,0.011535335,0.26848087,0.06823792,0.97683054,0.20284423,0.0,40.81585131,-96.68552991
277169535408367,0.6991069,10.007763,2.078167,-0.15519607,0.3454733,0.33172584,1.0075073,9.630138,1.5542741,-26.3125,-46.875,-3.375,1.5168704,-1.3551137,-0.324513,-0.25992042,0.21370336,-0.9416859,-0.96321607,0.011535335,0.26848087,0.06823792,0.97683054,0.20284423,0.0,40.81585131,-96.68552991
277169535408367,0.6991069,10.007763,2.078167,-0.30840045,0.3776245,0.5238929,1.0075073,9.630138,1.5542741,-26.3125,-46.875,-3.375,1.5168704,-1.3551137,-0.324513,-0.25992042,0.21370336,-0.9416859,-0.96321607,0.011535335,0.26848087,0.06823792,0.97683054,0.20284423,0.0,40.81585131,-96.68552991
277169541700555,0.6991069,10.007763,2.078167,-0.30840045,0.3776245,0.5238929,1.0075073,9.630138,1.5542741,-26.375,-46.8125,-3.375,1.5156349,-1.3551137,-0.324513,-0.2587301,0.21368895,-0.94201684,-0.9635364,0.011799358,0.26731715,0.06823792,0.97683054,0.20284423,0.0,40.81585131,-96.68552991
277169555214513,0.90021986,10.0269165,2.2505496,-0.30840045,0.3776245,0.5238929,1.0075073,9.630138,1.5542741,-26.375,-46.8125,-3.375,1.5034404,-1.3336059,-0.3805064,-0.29768285,0.23443986,-0.9254313,-0.95066804,0.015814833,0.3098071,0.08726666,0.97200197,0.21816663,0.0,40.81585131,-96.68552991
277169555214513,0.90021986,10.0269165,2.2505496,-0.30840045,0.3776245,0.5238929,1.0340158,9.626334,1.5604157,-26.375,-46.8125,-3.375,1.5034404,-1.3336059,-0.3805064,-0.29768285,0.23443986,-0.9254313,-0.95066804,0.015814833,0.3098071,0.08726666,0.97200197,0.21816663,0.0,40.81585131,-96.68552991
277169555214513,0.90021986,10.0269165,2.2505496,-0.13379592,0.4005823,0.6901338,1.0340158,9.626334,1.5604157,-26.375,-46.8125,-3.375,1.5034404,-1.3336059,-0.3805064,-0.29768285,0.23443986,-0.9254313,-0.95066804,0.015814833,0.3098071,0.08726666,0.97200197,0.21816663,0.0,40.81585131,-96.68552991
277169561487117,0.90021986,10.0269165,2.2505496,-0.13379592,0.4005823,0.6901338,1.0340158,9.626334,1.5604157,-26.25,-46.875,-3.375,1.505679,-1.3336059,-0.3805064,-0.29981023,0.23447469,-0.92473537,-0.94999915,0.015289977,0.31187797,0.08726666,0.97200197,0.21816663,0.0,40.81585131,-96.68552991
277169574947690,1.1492168,9.825804,1.8866309,-0.13379592,0.4005823,0.6901338,1.0340158,9.626334,1.5604157,-26.25,-46.875,-3.375,1.2947445,-1.349648,-0.54711086,-0.25556225,0.21104516,-0.9434765,-0.9600347,0.05978582,0.27342084,0.11411066,0.9756462,0.18733168,0.0,40.81585131,-96.68552991
277169574947690,1.1492168,9.825804,1.8866309,-0.13379592,0.4005823,0.6901338,1.0800568,9.62137,1.5598464,-26.25,-46.875,-3.375,1.2947445,-1.349648,-0.54711086,-0.25556225,0.21104516,-0.9434765,-0.9600347,0.05978582,0.27342084,0.11411066,0.9756462,0.18733168,0.0,40.81585131,-96.68552991
277169574947690,1.1492168,9.825804,1.8866309,0.069159985,0.20443344,0.3267845,1.0800568,9.62137,1.5598464,-26.25,-46.875,-3.375,1.2947445,-1.349648,-0.54711086,-0.25556225,0.21104516,-0.9434765,-0.9600347,0.05978582,0.27342084,0.11411066,0.9756462,0.18733168,0.0,40.81585131,-96.68552991
277169581604773,1.1492168,9.825804,1.8866309,0.069159985,0.20443344,0.3267845,1.0800568,9.62137,1.5598464,-26.3125,-46.5625,-3.625,1.2799548,-1.349648,-0.54711086,-0.24133623,0.21013789,-0.94741696,-0.96370924,0.062900454,0.25943774,0.11411066,0.9756462,0.18733168,0.0,40.81585131,-96.68552991
277169595358523,1.3120226,9.892841,1.9632454,0.069159985,0.20443344,0.3267845,1.0800568,9.62137,1.5598464,-26.3125,-46.5625,-3.625,1.2617345,-1.3364923,-0.5891275,-0.26195595,0.22116567,-0.93939596,-0.95641935,0.07061674,0.2833286,0.12899965,0.97267616,0.19302867,0.0,40.81585131,-96.68552991
277169595358523,1.3120226,9.892841,1.9632454,0.069159985,0.20443344,0.3267845,1.1183058,9.614993,1.5721707,-26.3125,-46.5625,-3.625,1.2617345,-1.3364923,-0.5891275,-0.26195595,0.22116567,-0.93939596,-0.95641935,0.07061674,0.2833286,0.12899965,0.97267616,0.19302867,0.0,40.81585131,-96.68552991
277169595358523,1.3120226,9.892841,1.9632454,0.19371676,0.27784824,0.39107466,1.1183058,9.614993,1.5721707,-26.3125,-46.5625,-3.625,1.2617345,-1.3364923,-0.5891275,-0.26195595,0.22116567,-0.93939596,-0.95641935,0.07061674,0.2833286,0.12899965,0.97267616,0.19302867,0.0,40.81585131,-96.68552991
1477462076283,1.3120226,9.892841,1.9632454,0.19371676,0.27784824,0.39107466,1.1183058,9.614993,1.5721707,-26.3125,-46.5625,-3.625,1.2617345,-1.3364923,-0.5891275,-0.26195595,0.22116567,-0.93939596,-0.95641935,0.07061674,0.2833286,0.12899965,0.97267616,0.19302867,0.0,40.819915,-96.6933342
277169601441752,1.3120226,9.892841,1.9632454,0.19371676,0.27784824,0.39107466,1.1183058,9.614993,1.5721707,-26.5,-46.5,-3.9375,1.2447159,-1.3364923,-0.5891275,-0.24564198,0.2199319,-0.94408154,-0.9607388,0.07437025,0.26730123,0.12899965,0.97267616,0.19302867,0.0,40.819915,-96.6933342
277169614513888,1.436521,9.385271,1.3215994,0.19371676,0.27784824,0.39107466,1.1183058,9.614993,1.5721707,-26.5,-46.5,-3.9375,0.88801646,-1.3657367,-0.82704073,-0.13179898,0.15797721,-0.97860736,-0.97988415,0.12847804,0.15271123,0.14985442,0.97904885,0.13786606,0.0,40.819915,-96.6933342
277169614513888,1.436521,9.385271,1.3215994,0.19371676,0.27784824,0.39107466,1.1817502,9.602607,1.6011963,-26.5,-46.5,-3.9375,0.88801646,-1.3657367,-0.82704073,-0.13179898,0.15797721,-0.97860736,-0.97988415,0.12847804,0.15271123,0.14985442,0.97904885,0.13786606,0.0,40.819915,-96.6933342
277169614513888,1.436521,9.385271,1.3215994,0.25477087,-0.2173357,-0.27959692,1.1817502,9.602607,1.6011963,-26.5,-46.5,-3.9375,0.88801646,-1.3657367,-0.82704073,-0.13179898,0.15797721,-0.97860736,-0.97988415,0.12847804,0.15271123,0.14985442,0.97904885,0.13786606,0.0,40.819915,-96.6933342
277169621252273,1.436521,9.385271,1.3215994,0.25477087,-0.2173357,-0.27959692,1.1817502,9.602607,1.6011963,-26.75,-46.125,-3.8125,0.889546,-1.3657367,-0.82704073,-0.13329747,0.15817352,-0.9783726,-0.9796813,0.12823625,0.15420774,0.14985442,0.97904885,0.13786606,0.0,40.819915,-96.6933342
277169634613159,1.4077905,9.576807,1.685518,0.25477087,-0.2173357,-0.27959692,1.1817502,9.602607,1.6011963,-26.75,-46.125,-3.8125,1.0977631,-1.3453794,-0.69585496,-0.2065456,0.19896893,-0.95799285,-0.9678892,0.10182986,0.22982869,0.14328104,0.974701,0.17154737,0.0,40.819915,-96.6933342
277169634613159,1.4077905,9.576807,1.685518,0.25477087,-0.2173357,-0.27959692,1.2533985,9.584255,1.6557355,-26.75,-46.125,-3.8125,1.0977631,-1.3453794,-0.69585496,-0.2065456,0.19896893,-0.95799285,-0.9678892,0.10182986,0.22982869,0.14328104,0.974701,0.17154737,0.0,40.819915,-96.6933342
277169634613159,1.4077905,9.576807,1.685518,0.154392,-0.0074481964,0.029782534,1.2533985,9.584255,1.6557355,-26.75,-46.125,-3.8125,1.0977631,-1.3453794,-0.69585496,-0.2065456,0.19896893,-0.95799285,-0.9678892,0.10182986,0.22982869,0.14328104,0.974701,0.17154737,0.0,40.819915,-96.6933342
277169640999044,1.4077905,9.576807,1.685518,0.154392,-0.0074481964,0.029782534,1.2533985,9.584255,1.6557355,-27.125,-45.9375,-3.875,1.0893208,-1.3453794,-0.69585496,-0.1983672,0.19810218,-0.9598989,-0.9695983,0.103505954,0.22173299,0.14328104,0.974701,0.17154737,0.0,40.819915,-96.6933342
277169654080867,1.2449849,9.720459,2.3080103,0.154392,-0.0074481964,0.029782534,1.2533985,9.584255,1.6557355,-27.125,-45.9375,-3.875,1.4017459,-1.3072898,-0.49468338,-0.30375496,0.2567548,-0.917502,-0.94469136,0.043822743,0.32501987,0.12365786,0.9654826,0.22924265,0.0,40.819915,-96.6933342
277169654080867,1.2449849,9.720459,2.3080103,0.154392,-0.0074481964,0.029782534,1.3207603,9.56305,1.7245401,-27.125,-45.9375,-3.875,1.4017459,-1.3072898,-0.49468338,-0.30375496,0.2567548,-0.917502,-0.94469136,0.043822743,0.32501987,0.12365786,0.9654826,0.22924265,0.0,40.819915,-96.6933342
277169654080867,1.2449849,9.720459,2.3080103,-0.075775385,0.15740871,0.5834702,1.3207603,9.56305,1.7245401,-27.125,-45.9375,-3.875,1.4017459,-1.3072898,-0.49468338,-0.30375496,0.2567548,-0.917502,-0.94469136,0.043822743,0.32501987,0.12365786,0.9654826,0.22924265,0.0,40.819915,-96.6933342
277169660682742,1.2449849,9.720459,2.3080103,-0.075775385,0.15740871,0.5834702,1.3207603,9.56305,1.7245401,-27.5625,-45.625,-4.0,1.3873302,-1.3072898,-0.49468338,-0.29010537,0.2560964,-0.9220919,-0.94897187,0.047519386,0.31176,0.12365786,0.9654826,0.22924265,0.0,40.819915,-96.6933342
277169673810294,1.2545617,9.720459,1.8195933,-0.075775385,0.15740871,0.5834702,1.3207603,9.56305,1.7245401,-27.5625,-45.625,-4.0,1.1825906,-1.3472244,-0.6036263,-0.20068213,0.20521614,-0.95792115,-0.9715389,0.083924994,0.22151433,0.12585185,0.9751117,0.18253323,0.0,40.819915,-96.6933342
277169673810294,1.2545617,9.720459,1.8195933,-0.075775385,0.15740871,0.5834702,1.3867539,9.545656,1.7685447,-27.5625,-45.625,-4.0,1.1825906,-1.3472244,-0.6036263,-0.20068213,0.20521614,-0.95792115,-0.9715389,0.083924994,0.22151433,0.12585185,0.9751117,0.18253323,0.0,40.819915,-96.6933342
277169673810294,1.2545617,9.720459,1.8195933,-0.13219225,0.17480278,0.051048636,1.3867539,9.545656,1.7685447,-27.5625,-45.625,-4.0,1.1825906,-1.3472244,-0.6036263,-0.20068213,0.20521614,-0.95792115,-0.9715389,0.083924994,0.22151433,0.12585185,0.9751117,0.18253323,0.0,40.819915,-96.6933342
277169680464148,1.2545617,9.720459,1.8195933,-0.13219225,0.17480278,0.051048636,1.3867539,9.545656,1.7685447,-27.875,-45.5625,-4.25,1.1684754,-1.3472244,-0.6036263,-0.18694921,0.20401113,-0.96095234,-0.97427475,0.0868132,0.20797154,0.12585185,0.9751117,0.18253323,0.0,40.819915,-96.6933342
277169693625502,1.5993267,9.586384,1.5131354,-0.13219225,0.17480278,0.051048636,1.3867539,9.545656,1.7685447,-27.875,-45.5625,-4.25,0.91427183,-1.3450431,-0.8130834,-0.14131978,0.17730814,-0.9739561,-0.9765193,0.13662495,0.1665642,0.16259989,0.97462577,0.15383703,0.0,40.819915,-96.6933342
277169693625502,1.5993267,9.586384,1.5131354,-0.13219225,0.17480278,0.051048636,1.4682071,9.5309105,1.7822833,-27.875,-45.5625,-4.25,0.91427183,-1.3450431,-0.8130834,-0.14131978,0.17730814,-0.9739561,-0.9765193,0.13662495,0.1665642,0.16259989,0.97462577,0.15383703,0.0,40.819915,-96.6933342
277169693625502,1.5993267,9.586384,1.5131354,0.13111961,0.055473328,-0.26914787,1.4682071,9.5309105,1.7822833,-27.875,-45.5625,-4.25,0.91427183,-1.3450431,-0.8130834,-0.14131978,0.17730814,-0.9739561,-0.9765193,0.13662495,0.1665642,0.16259989,0.97462577,0.15383703,0.0,40.819915,-96.6933342
277169700299877,1.5993267,9.586384,1.5131354,0.13111961,0.055473328,-0.26914787,1.4682071,9.5309105,1.7822833,-28.25,-45.4375,-4.375,0.904737,-1.3450431,-0.8130834,-0.13200246,0.1759974,-0.97550005,-0.9778224,0.13830933,0.15727015,0.16259989,0.97462577,0.15383703,0.0,40.819915,-96.6933342
277169713392013,1.3694834,9.576807,1.9728222,0.13111961,0.055473328,-0.26914787,1.4682071,9.5309105,1.7822833,-28.25,-45.4375,-4.375,1.199697,-1.3250943,-0.6068057,-0.21756941,0.22668006,-0.9493575,-0.96613896,0.08820765,0.24247684,0.13870525,0.9699668,0.19981316,0.0,40.819915,-96.6933342
277169713392013,1.3694834,9.576807,1.9728222,0.13111961,0.055473328,-0.26914787,1.5599718,9.514596,1.791469,-28.25,-45.4375,-4.375,1.199697,-1.3250943,-0.6068057,-0.21756941,0.22668006,-0.9493575,-0.96613896,0.08820765,0.24247684,0.13870525,0.9699668,0.19981316,0.0,40.819915,-96.6933342
277169713392013,1.3694834,9.576807,1.9728222,-0.19048846,0.062211037,0.18135321,1.5599718,9.514596,1.791469,-28.25,-45.4375,-4.375,1.199697,-1.3250943,-0.6068057,-0.21756941,0.22668006,-0.9493575,-0.96613896,0.08820765,0.24247684,0.13870525,0.9699668,0.19981316,0.0,40.819915,-96.6933342
277169720182325,1.3694834,9.576807,1.9728222,-0.19048846,0.062211037,0.18135321,1.5599718,9.514596,1.791469,-28.6875,-45.25,-4.4375,1.1909982,-1.3250943,-0.6068057,-0.20915695,0.22590418,-0.9514308,-0.9679949,0.09017614,0.2342094,0.13870525,0.9699668,0.19981316,0.0,40.819915,-96.6933342
277169733167169,1.6759412,9.662998,2.087744,-0.19048846,0.062211037,0.18135321,1.5599718,9.514596,1.791469,-28.6875,-45.25,-4.4375,1.1589189,-1.3005177,-0.6764169,-0.24063933,0.24467078,-0.93927044,-0.95611507,0.10688814,0.2727982,0.16714261,0.96369654,0.20821196,0.0,40.819915,-96.6933342
277169733167169,1.6759412,9.662998,2.087744,-0.19048846,0.062211037,0.18135321,1.6552111,9.498024,1.7939386,-28.6875,-45.25,-4.4375,1.1589189,-1.3005177,-0.6764169,-0.24063933,0.24467078,-0.93927044,-0.95611507,0.10688814,0.2727982,0.16714261,0.96369654,0.20821196,0.0,40.819915,-96.6933342
277169733167169,1.6759412,9.662998,2.087744,0.020730138,0.16497421,0.29380536,1.6552111,9.498024,1.7939386,-28.6875,-45.25,-4.4375,1.1589189,-1.3005177,-0.6764169,-0.24063933,0.24467078,-0.93927044,-0.95611507,0.10688814,0.2727982,0.16714261,0.96369654,0.20821196,0.0,40.819915,-96.6933342
277169739896909,1.6759412,9.662998,2.087744,0.020730138,0.16497421,0.29380536,1.6552111,9.498024,1.7939386,-28.875,-45.25,-4.125,1.1703942,-1.3005177,-0.6764169,-0.2515949,0.24588123,-0.9360782,-0.9532907,0.104073495,0.28355837,0.16714261,0.96369654,0.20821196,0.0,40.819915,-96.6933342
277169752955971,1.733402,9.710882,2.1739352,0.020730138,0.16497421,0.29380536,1.6552111,9.498024,1.7939386,-28.875,-45.25,-4.125,1.1924697,-1.2919377,-0.6731272,-0.268169,0.2557933,-0.9287923,-0.9479646,0.1016711,0.3017052,0.17160553,0.9613702,0.215218,0.0,40.819915,-96.6933342
277169752955971,1.733402,9.710882,2.1739352,0.020730138,0.16497421,0.29380536,1.7498058,9.482054,1.7886441,-28.875,-45.25,-4.125,1.1924697,-1.2919377,-0.6731272,-0.268169,0.2557933,-0.9287923,-0.9479646,0.1016711,0.3017052,0.17160553,0.9613702,0.215218,0.0,40.819915,-96.6933342
277169752955971,1.733402,9.710882,2.1739352,-0.016403794,0.22882843,0.3852911,1.7498058,9.482054,1.7886441,-28.875,-45.25,-4.125,1.1924697,-1.2919377,-0.6731272,-0.268169,0.2557933,-0.9287923,-0.9479646,0.1016711,0.3017052,0.17160553,0.9613702,0.215218,0.0,40.819915,-96.6933342
277169759620294,1.733402,9.710882,2.1739352,-0.016403794,0.22882843,0.3852911,1.7498058,9.482054,1.7886441,-29.125,-44.875,-3.6875,1.2035651,-1.2919377,-0.6731272,-0.27867037,0.25690565,-0.9253877,-0.94493085,0.098826766,0.3119918,0.17160553,0.9613702,0.215218,0.0,40.819915,-96.6933342
277169772793732,1.8195933,9.672575,1.9153614,-0.016403794,0.22882843,0.3852911,1.7498058,9.482054,1.7886441,-29.125,-44.875,-3.6875,1.0725272,-1.3041687,-0.75976276,-0.23714574,0.23144361,-0.94350183,-0.9543741,0.12591857,0.27076662,0.18147162,0.96466494,0.19102275,0.0,40.819915,-96.6933342
277169772793732,1.8195933,9.672575,1.9153614,-0.016403794,0.22882843,0.3852911,1.8466204,9.466889,1.7715509,-29.125,-44.875,-3.6875,1.0725272,-1.3041687,-0.75976276,-0.23714574,0.23144361,-0.94350183,-0.9543741,0.12591857,0.27076662,0.18147162,0.96466494,0.19102275,0.0,40.819915,-96.6933342
277169772793732,1.8195933,9.672575,1.9153614,-0.02702713,0.20568562,0.14381051,1.8466204,9.466889,1.7715509,-29.125,-44.875,-3.6875,1.0725272,-1.3041687,-0.75976276,-0.23714574,0.23144361,-0.94350183,-0.9543741,0.12591857,0.27076662,0.18147162,0.96466494,0.19102275,0.0,40.819915,-96.6933342
277169779758367,1.8195933,9.672575,1.9153614,-0.02702713,0.20568562,0.14381051,1.8466204,9.466889,1.7715509,-29.5,-44.625,-3.625,1.0684525,-1.3041687,-0.75976276,-0.23325506,0.23092861,-0.9445973,-0.9553325,0.12686057,0.26691997,0.18147162,0.96466494,0.19102275,0.0,40.819915,-96.6933342
277169792549461,1.9632454,9.653421,1.685518,-0.02702713,0.20568562,0.14381051,1.8466204,9.466889,1.7715509,-29.5,-44.625,-3.625,0.92740035,-1.3089097,-0.86136717,-0.19555135,0.20713894,-0.95856833,-0.9608182,0.15532018,0.22957377,0.19643866,0.9659032,0.16864978,0.0,40.819915,-96.6933342
277169792549461,1.9632454,9.653421,1.685518,-0.02702713,0.20568562,0.14381051,1.9584634,9.449906,1.7418659,-29.5,-44.625,-3.625,0.92740035,-1.3089097,-0.86136717,-0.19555135,0.20713894,-0.95856833,-0.9608182,0.15532018,0.22957377,0.19643866,0.9659032,0.16864978,0.0,40.819915,-96.6933342
277169792549461,1.9632454,9.653421,1.685518,0.0047819614,0.20351505,-0.056347847,1.9584634,9.449906,1.7418659,-29.5,-44.625,-3.625,0.92740035,-1.3089097,-0.86136717,-0.19555135,0.20713894,-0.95856833,-0.9608182,0.15532018,0.22957377,0.19643866,0.9659032,0.16864978,0.0,40.819915,-96.6933342
277169799230815,1.9632454,9.653421,1.685518,0.0047819614,0.20351505,-0.056347847,1.9584634,9.449906,1.7418659,-29.6875,-44.5625,-3.5,0.93077594,-1.3089097,-0.86136717,-0.19879347,0.20766203,-0.9577878,-0.96015245,0.15462007,0.23280811,0.19643866,0.9659032,0.16864978,0.0,40.819915,-96.6933342
277169812482065,1.9919758,9.059659,2.0398598,0.0047819614,0.20351505,-0.056347847,1.9584634,9.449906,1.7418659,-29.6875,-44.5625,-3.5,1.1330676,-1.265902,-0.77352226,-0.3003334,0.27188933,-0.9142626,-0.9304903,0.12724662,0.34350562,0.20973232,0.9538787,0.21477395,0.0,40.819915,-96.6933342
277169812482065,1.9919758,9.059659,2.0398598,0.0047819614,0.20351505,-0.056347847,2.1222756,9.422348,1.698734,-29.6875,-44.5625,-3.5,1.1330676,-1.265902,-0.77352226,-0.3003334,0.27188933,-0.9142626,-0.9304903,0.12724662,0.34350562,0.20973232,0.9538787,0.21477395,0.0,40.819915,-96.6933342
277169812482065,1.9919758,9.059659,2.0398598,-0.1302998,-0.36268902,0.34112573,2.1222756,9.422348,1.698734,-29.6875,-44.5625,-3.5,1.1330676,-1.265902,-0.77352226,-0.3003334,0.27188933,-0.9142626,-0.9304903,0.12724662,0.34350562,0.20973232,0.9538787,0.21477395,0.0,40.819915,-96.6933342
