timestamp, accx, accy, accz, laccx, laccy, laccz, gravx, gravy, gravz, magfieldx, magfieldy, magfieldz, anglex, angley, anglez, rot0, rot1, rot2, rot3, rot4, rot5, rot6, rot7, rot8, speedgps, latgps, longps, altgps, accgps
1477888321225,0.0,0.0,0.0,0.0,0.0,0.0,0.50030243,9.749607,0.93018734,0.0,0.0,0.0,0.0,0.0,0.0,0.0,0.0,0.0,0.0,0.0,0.0,0.0,0.0,0.0,0.0,0.0,0.0,0.0,0.0
1477888321263,0.0,0.0,0.0,0.0,0.0,0.0,0.50030243,9.749607,0.93018734,-3.9886475,-11.660767,34.12323,0.0,-0.0,-0.0,0.0,0.0,0.0,0.0,0.0,0.0,0.0,0.0,0.0,0.0,0.0,0.0,0.0,0.0
1477888321328,0.12364197,9.526382,1.0279541,0.0,0.0,0.0,0.50030243,9.749607,0.93018734,-3.9886475,-11.660767,34.12323,2.9125605,-1.4625382,-0.119704604,-0.993871,0.024530584,-0.10779036,-0.10979083,-0.10522603,0.98836917,0.012902919,0.9941458,0.10727432,0.0,0.0,0.0,0.0,0.0
1477888321224,0.12364197,9.526382,1.0279541,-0.3560826,0.1196022,-0.25017565,0.50030243,9.749607,0.93018734,-3.9886475,-11.660767,34.12323,2.9125605,-1.4625382,-0.119704604,-0.993871,0.024530584,-0.10779036,-0.10979083,-0.10522603,0.98836917,0.012902919,0.9941458,0.10727432,0.0,0.0,0.0,0.0,0.0
1477888321465,0.12364197,9.526382,1.0279541,-0.3560826,0.1196022,-0.25017565,0.50030243,9.749607,0.93018734,-2.4353027,-10.491943,37.104797,2.960796,-1.4625382,-0.119704604,-0.9980088,0.019428361,-0.060008742,-0.061741605,-0.10628643,0.992417,0.012902919,0.9941458,0.10727432,0.0,0.0,0.0,0.0,0.0
1477888321529,1.0470123,9.190613,0.14831543,-0.3560826,0.1196022,-0.25017565,0.50030243,9.749607,0.93018734,-2.4353027,-10.491943,37.104797,1.677561,-1.4562409,-1.4300767,-0.99297106,0.113654286,-0.033034295,-0.034639876,-0.012180585,0.9993257,0.11317525,0.9934457,0.016031938,0.0,0.0,0.0,0.0,0.0
1477888321426,1.0470123,9.190613,0.14831543,0.3633902,-0.16290283,0.5708525,0.50030243,9.749607,0.93018734,-2.4353027,-10.491943,37.104797,1.677561,-1.4562409,-1.4300767,-0.99297106,0.113654286,-0.033034295,-0.034639876,-0.012180585,0.9993257,0.11317525,0.9934457,0.016031938,0.0,0.0,0.0,0.0,0.0
1477888321426,1.0470123,9.190613,0.14831543,0.3633902,-0.16290283,0.5708525,0.45119736,9.725968,1.1714722,-2.4353027,-10.491943,37.104797,1.677561,-1.4562409,-1.4300767,-0.99297106,0.113654286,-0.033034295,-0.034639876,-0.012180585,0.9993257,0.11317525,0.9934457,0.016031938,0.0,0.0,0.0,0.0,0.0
1477888321667,1.0470123,9.190613,0.14831543,0.3633902,-0.16290283,0.5708525,0.45119736,9.725968,1.1714722,-0.5844116,-10.919189,37.705994,1.7279047,-1.4562409,-1.4300767,-0.9934561,0.11289732,0.017295921,0.015372596,-0.017884497,0.99972194,0.11317525,0.9934457,0.016031938,0.0,0.0,0.0,0.0,0.0
1477888321730,0.44407654,9.46199,0.78196716,0.3633902,-0.16290283,0.5708525,0.45119736,9.725968,1.1714722,-0.5844116,-10.919189,37.705994,2.6213126,-1.4760412,-0.51647955,-0.9988915,0.047034483,-0.0018613852,-0.0057226685,-0.08209409,0.9966081,0.046722144,0.9955141,0.08227226,0.0,0.0,0.0,0.0,0.0
1477888321627,0.44407654,9.46199,0.78196716,0.21228778,-0.050533295,-0.4995957,0.45119736,9.725968,1.1714722,-0.5844116,-10.919189,37.705994,2.6213126,-1.4760412,-0.51647955,-0.9988915,0.047034483,-0.0018613852,-0.0057226685,-0.08209409,0.9966081,0.046722144,0.9955141,0.08227226,0.0,0.0,0.0,0.0,0.0
1477888321627,0.44407654,9.46199,0.78196716,0.21228778,-0.050533295,-0.4995957,0.75998026,9.768365,0.41456595,-0.5844116,-10.919189,37.705994,2.6213126,-1.4760412,-0.51647955,-0.9988915,0.047034483,-0.0018613852,-0.0057226685,-0.08209409,0.9966081,0.046722144,0.9955141,0.08227226,0.0,0.0,0.0,0.0,0.0
1477888321868,0.44407654,9.46199,0.78196716,0.21228778,-0.050533295,-0.4995957,0.75998026,9.768365,0.41456595,-0.2746582,-12.19635,34.562683,2.6315703,-1.4760412,-0.51647955,-0.9988977,0.04618993,0.00836142,0.0045237616,-0.08257224,0.9965748,0.046722144,0.9955141,0.08227226,0.0,0.0,0.0,0.0,0.0
1477888321932,0.113479614,9.2799835,1.1937561,0.21228778,-0.050533295,-0.4995957,0.75998026,9.768365,0.41456595,-0.2746582,-12.19635,34.562683,3.042531,-1.4422904,-0.094776176,-0.99991363,0.012674203,-0.0034735575,-0.0050618537,-0.12752391,0.99182254,0.012127599,0.9917545,0.12757705,0.0,0.0,0.0,0.0,0.0
1477888321829,0.113479614,9.2799835,1.1937561,-0.6043125,-0.37869167,0.5106531,0.75998026,9.768365,0.41456595,-0.2746582,-12.19635,34.562683,3.042531,-1.4422904,-0.094776176,-0.99991363,0.012674203,-0.0034735575,-0.0050618537,-0.12752391,0.99182254,0.012127599,0.9917545,0.12757705,0.0,0.0,0.0,0.0,0.0
1477888321829,0.113479614,9.2799835,1.1937561,-0.6043125,-0.37869167,0.5106531,0.41798845,9.755334,0.9105714,-0.2746582,-12.19635,34.562683,3.042531,-1.4422904,-0.094776176,-0.99991363,0.012674203,-0.0034735575,-0.0050618537,-0.12752391,0.99182254,0.012127599,0.9917545,0.12757705,0.0,0.0,0.0,0.0,0.0
1477888322069,0.113479614,9.2799835,1.1937561,-0.6043125,-0.37869167,0.5106531,0.41798845,9.755334,0.9105714,-0.6652832,-11.714172,34.83734,3.0315537,-1.4422904,-0.094776176,-0.9997978,0.0140732955,-0.01436079,-0.016037807,-0.1273771,0.9917246,0.012127599,0.9917545,0.12757705,0.0,0.0,0.0,0.0,0.0
1477888322133,0.35684204,9.384964,1.0054169,-0.6043125,-0.37869167,0.5106531,0.41798845,9.755334,0.9105714,-0.6652832,-11.714172,34.83734,2.792391,-1.4576042,-0.34105068,-0.9992344,0.03864578,-0.0060874494,-0.010162145,-0.106133565,0.9942999,0.037779417,0.9936006,0.10644504,0.0,0.0,0.0,0.0,0.0
1477888322030,0.35684204,9.384964,1.0054169,0.21285486,0.16154385,0.014301896,0.41798845,9.755334,0.9105714,-0.6652832,-11.714172,34.83734,2.792391,-1.4576042,-0.34105068,-0.9992344,0.03864578,-0.0060874494,-0.010162145,-0.106133565,0.9942999,0.037779417,0.9936006,0.10644504,0.0,0.0,0.0,0.0,0.0
1477888322030,0.35684204,9.384964,1.0054169,0.21285486,0.16154385,0.014301896,0.41880113,9.744298,1.0215971,-0.6652832,-11.714172,34.83734,2.792391,-1.4576042,-0.34105068,-0.9992344,0.03864578,-0.0060874494,-0.010162145,-0.106133565,0.9942999,0.037779417,0.9936006,0.10644504,0.0,0.0,0.0,0.0,0.0
1477888322271,0.35684204,9.384964,1.0054169,0.21285486,0.16154385,0.014301896,0.41880113,9.744298,1.0215971,-0.6134033,-11.180115,36.123657,2.7934427,-1.4576042,-0.34105068,-0.9992446,0.03853414,-0.0050416803,-0.009111185,-0.10617415,0.9943058,0.037779417,0.9936006,0.10644504,0.0,0.0,0.0,0.0,0.0
1477888322335,-0.03302002,9.194153,0.6428375,0.21285486,0.16154385,0.014301896,0.41880113,9.744298,1.0215971,-0.6134033,-11.180115,36.123657,-3.1078966,-1.5008999,0.051320937,-0.99984044,-0.0023528622,-0.017706145,-0.017498804,-0.06979966,0.9974075,-0.0035826457,0.99755824,0.06974736,0.0,0.0,0.0,0.0,0.0
1477888322232,-0.03302002,9.194153,0.6428375,-0.34860715,-0.16564846,-0.15473706,0.41880113,9.744298,1.0215971,-0.6134033,-11.180115,36.123657,-3.1078966,-1.5008999,0.051320937,-0.99984044,-0.0023528622,-0.017706145,-0.017498804,-0.06979966,0.9974075,-0.0035826457,0.99755824,0.06974736,0.0,0.0,0.0,0.0,0.0
1477888322232,-0.03302002,9.194153,0.6428375,-0.34860715,-0.16564846,-0.15473706,0.26708382,9.755065,0.9683793,-0.6134033,-11.180115,36.123657,-3.1078966,-1.5008999,0.051320937,-0.99984044,-0.0023528622,-0.017706145,-0.017498804,-0.06979966,0.9974075,-0.0035826457,0.99755824,0.06974736,0.0,0.0,0.0,0.0,0.0
1477888322472,-0.03302002,9.194153,0.6428375,-0.34860715,-0.16564846,-0.15473706,0.26708382,9.755065,0.9683793,-0.32806396,-11.555481,36.105347,-3.100182,-1.5008999,0.051320937,-0.9999457,-0.0028912597,-0.0100111505,-0.009785049,-0.06977944,0.9975144,-0.0035826457,0.99755824,0.06974736,0.0,0.0,0.0,0.0,0.0
1477888322537,0.24137878,9.354202,0.68281555,-0.34860715,-0.16564846,-0.15473706,0.26708382,9.755065,0.9683793,-0.32806396,-11.555481,36.105347,2.8000479,-1.4935267,-0.33979398,-0.9996654,0.0258547,-8.084875E-4,-0.0026877231,-0.072732635,0.9973478,0.02572732,0.9970162,0.07277779,0.0,0.0,0.0,0.0,0.0
1477888322433,0.24137878,9.354202,0.68281555,0.023081169,-0.007971764,-0.06796372,0.26708382,9.755065,0.9683793,-0.32806396,-11.555481,36.105347,2.8000479,-1.4935267,-0.33979398,-0.9996654,0.0258547,-8.084875E-4,-0.0026877231,-0.072732635,0.9973478,0.02572732,0.9970162,0.07277779,0.0,0.0,0.0,0.0,0.0
1477888322433,0.24137878,9.354202,0.68281555,0.023081169,-0.007971764,-0.06796372,0.16718721,9.771476,0.81283605,-0.32806396,-11.555481,36.105347,2.8000479,-1.4935267,-0.33979398,-0.9996654,0.0258547,-8.084875E-4,-0.0026877231,-0.072732635,0.9973478,0.02572732,0.9970162,0.07277779,0.0,0.0,0.0,0.0,0.0
1477888322673,0.24137878,9.354202,0.68281555,0.023081169,-0.007971764,-0.06796372,0.16718721,9.771476,0.81283605,-1.6311646,-10.543823,36.221313,2.7640512,-1.4935267,-0.33979398,-0.998921,0.028455514,-0.036701445,-0.038662866,-0.07175504,0.99667245,0.02572732,0.9970162,0.07277779,0.0,0.0,0.0,0.0,0.0
1477888322738,0.7617035,9.406952,0.35462952,0.023081169,-0.007971764,-0.06796372,0.16718721,9.771476,0.81283605,-1.6311646,-10.543823,36.221313,1.983837,-1.4817147,-1.1350666,-0.99645025,0.081482455,-0.021154331,-0.02413005,-0.03570977,0.9990708,0.080651335,0.99603486,0.037549183,0.0,0.0,0.0,0.0,0.0
1477888322634,0.7617035,9.406952,0.35462952,0.16126895,0.11947632,-0.24912,0.16718721,9.771476,0.81283605,-1.6311646,-10.543823,36.221313,1.983837,-1.4817147,-1.1350666,-0.99645025,0.081482455,-0.021154331,-0.02413005,-0.03570977,0.9990708,0.080651335,0.99603486,0.037549183,0.0,0.0,0.0,0.0,0.0
1477888322634,0.7617035,9.406952,0.35462952,0.16126895,0.11947632,-0.24912,0.2469927,9.77792,0.7082846,-1.6311646,-10.543823,36.221313,1.983837,-1.4817147,-1.1350666,-0.99645025,0.081482455,-0.021154331,-0.02413005,-0.03570977,0.9990708,0.080651335,0.99603486,0.037549183,0.0,0.0,0.0,0.0,0.0
1477888322874,0.7617035,9.406952,0.35462952,0.16126895,0.11947632,-0.24912,0.2469927,9.77792,0.7082846,-6.4437866,-10.2508545,36.00769,1.852421,-1.4817147,-1.1350666,-0.98469627,0.085459195,-0.15188818,-0.15449484,-0.024724558,0.9876842,0.080651335,0.99603486,0.037549183,0.0,0.0,0.0,0.0,0.0
1477888322939,1.1634979,9.486099,0.6884308,0.16126895,0.11947632,-0.24912,0.2469927,9.77792,0.7082846,-6.4437866,-10.2508545,36.00769,1.961335,-1.4292341,-1.036509,-0.98172516,0.13046595,-0.13854374,-0.1465314,-0.053710833,0.9877467,0.121426016,0.9899968,0.071846634,0.0,0.0,0.0,0.0,0.0
1477888322836,1.1634979,9.486099,0.6884308,0.42623556,0.12878704,0.30220366,0.2469927,9.77792,0.7082846,-6.4437866,-10.2508545,36.00769,1.961335,-1.4292341,-1.036509,-0.98172516,0.13046595,-0.13854374,-0.1465314,-0.053710833,0.9877467,0.121426016,0.9899968,0.071846634,0.0,0.0,0.0,0.0,0.0
1477888322836,1.1634979,9.486099,0.6884308,0.42623556,0.12878704,0.30220366,0.6328651,9.766085,0.62725955,-6.4437866,-10.2508545,36.00769,1.961335,-1.4292341,-1.036509,-0.98172516,0.13046595,-0.13854374,-0.1465314,-0.053710833,0.9877467,0.121426016,0.9899968,0.071846634,0.0,0.0,0.0,0.0,0.0
1477888323076,1.1634979,9.486099,0.6884308,0.42623556,0.12878704,0.30220366,0.6328651,9.766085,0.62725955,-13.35907,-7.331848,38.24768,1.792043,-1.4292341,-1.036509,-0.94300234,0.13765027,-0.30298313,-0.30984205,-0.030961506,0.95028365,0.121426016,0.9899968,0.071846634,0.0,0.0,0.0,0.0,0.0
1477888323140,3.1335602,9.142639,-0.05505371,0.42623556,0.12878704,0.30220366,0.6328651,9.766085,0.62725955,-13.35907,-7.331848,38.24768,1.2916664,-1.2405553,-1.5883635,-0.9140507,0.3117203,-0.25950283,-0.24370475,0.08934294,0.96572554,0.32422101,0.9459642,-0.005696259,0.0,0.0,0.0,0.0,0.0
1477888323037,3.1335602,9.142639,-0.05505371,0.9912243,-0.06139183,-0.41905534,0.6328651,9.766085,0.62725955,-13.35907,-7.331848,38.24768,1.2916664,-1.2405553,-1.5883635,-0.9140507,0.3117203,-0.25950283,-0.24370475,0.08934294,0.96572554,0.32422101,0.9459642,-0.005696259,0.0,0.0,0.0,0.0,0.0
1477888323037,3.1335602,9.142639,-0.05505371,0.9912243,-0.06139183,-0.41905534,1.1288369,9.728056,0.5109256,-13.35907,-7.331848,38.24768,1.2916664,-1.2405553,-1.5883635,-0.9140507,0.3117203,-0.25950283,-0.24370475,0.08934294,0.96572554,0.32422101,0.9459642,-0.005696259,0.0,0.0,0.0,0.0,0.0
1477888323278,3.1335602,9.142639,-0.05505371,0.9912243,-0.06139183,-0.41905534,1.1288369,9.728056,0.5109256,-23.361206,-0.46691895,38.952637,1.0405592,-1.2405553,-1.5883635,-0.8248292,0.27974448,-0.49132454,-0.46318194,0.16399619,0.870958,0.32422101,0.9459642,-0.005696259,0.0,0.0,0.0,0.0,0.0
1477888323342,4.857376,7.8157043,-0.30662537,0.9912243,-0.06139183,-0.41905534,1.1288369,9.728056,0.5109256,-23.361206,-0.46691895,38.952637,1.046546,-1.0138338,-1.6338384,-0.76493746,0.4576176,-0.4532733,-0.3695278,0.26460338,0.8907492,0.52756023,0.8488646,-0.03330262,0.0,0.0,0.0,0.0,0.0
1477888323239,4.857376,7.8157043,-0.30662537,1.3904085,-0.5908499,0.029237896,1.1288369,9.728056,0.5109256,-23.361206,-0.46691895,38.952637,1.046546,-1.0138338,-1.6338384,-0.76493746,0.4576176,-0.4532733,-0.3695278,0.26460338,0.8907492,0.52756023,0.8488646,-0.03330262,0.0,0.0,0.0,0.0,0.0
1477888323239,4.857376,7.8157043,-0.30662537,1.3904085,-0.5908499,0.029237896,2.519903,9.473853,0.2580198,-23.361206,-0.46691895,38.952637,1.046546,-1.0138338,-1.6338384,-0.76493746,0.4576176,-0.4532733,-0.3695278,0.26460338,0.8907492,0.52756023,0.8488646,-0.03330262,0.0,0.0,0.0,0.0,0.0
1477888323479,4.857376,7.8157043,-0.30662537,1.3904085,-0.5908499,0.029237896,2.519903,9.473853,0.2580198,-33.946228,9.848022,40.37323,0.8127349,-1.0138338,-1.6338384,-0.6585093,0.38386104,-0.64731455,-0.5366988,0.36342752,0.76149505,0.52756023,0.8488646,-0.03330262,0.0,0.0,0.0,0.0,0.0
1477888323544,7.190689,6.132477,-0.4540558,1.3904085,-0.5908499,0.029237896,2.519903,9.473853,0.2580198,-33.946228,9.848022,40.37323,0.88679,-0.70515585,-1.6338576,-0.54117256,0.59020674,-0.5989894,-0.3599125,0.48120096,0.79931766,0.7599969,0.64815253,-0.047989976,0.0,0.0,0.0,0.0,0.0
1477888323440,7.190689,6.132477,-0.4540558,1.983685,-1.3488913,-0.37399364,2.519903,9.473853,0.2580198,-33.946228,9.848022,40.37323,0.88679,-0.70515585,-1.6338576,-0.54117256,0.59020674,-0.5989894,-0.3599125,0.48120096,0.79931766,0.7599969,0.64815253,-0.047989976,0.0,0.0,0.0,0.0,0.0
1477888323440,7.190689,6.132477,-0.4540558,1.983685,-1.3488913,-0.37399364,4.3966746,8.763998,-0.17882624,-33.946228,9.848022,40.37323,0.88679,-0.70515585,-1.6338576,-0.54117256,0.59020674,-0.5989894,-0.3599125,0.48120096,0.79931766,0.7599969,0.64815253,-0.047989976,0.0,0.0,0.0,0.0,0.0
1477888323680,7.190689,6.132477,-0.4540558,1.983685,-1.3488913,-0.37399364,4.3966746,8.763998,-0.17882624,-41.148376,28.083801,41.784668,0.66659576,-0.70515585,-1.6338576,-0.4494942,0.4708527,-0.75911313,-0.46942487,0.5984948,0.6491874,0.7599969,0.64815253,-0.047989976,0.0,0.0,0.0,0.0,0.0
1477888323744,9.2960205,3.349762,-0.67959595,1.983685,-1.3488913,-0.37399364,4.3966746,8.763998,-0.17882624,-41.148376,28.083801,41.784668,0.7520955,-0.34501064,-1.6437726,-0.28368214,0.6429125,-0.7114688,-0.19651008,0.68722606,0.6993597,0.93856704,0.33820668,-0.06861499,0.0,0.0,0.0,0.0,0.0
1477888323641,9.2960205,3.349762,-0.67959595,2.4393249,-2.0115542,-0.33743978,4.3966746,8.763998,-0.17882624,-41.148376,28.083801,41.784668,0.7520955,-0.34501064,-1.6437726,-0.28368214,0.6429125,-0.7114688,-0.19651008,0.68722606,0.6993597,0.93856704,0.33820668,-0.06861499,0.0,0.0,0.0,0.0,0.0
1477888323641,9.2960205,3.349762,-0.67959595,2.4393249,-2.0115542,-0.33743978,6.602859,7.2403364,-0.38749382,-41.148376,28.083801,41.784668,0.7520955,-0.34501064,-1.6437726,-0.28368214,0.6429125,-0.7114688,-0.19651008,0.68722606,0.6993597,0.93856704,0.33820668,-0.06861499,0.0,0.0,0.0,0.0,0.0
1477888323881,9.2960205,3.349762,-0.67959595,2.4393249,-2.0115542,-0.33743978,6.602859,7.2403364,-0.38749382,-42.166138,44.3985,40.872192,0.5841113,-0.34501064,-1.6437726,-0.24683344,0.5189618,-0.8183837,-0.24117428,0.78504443,0.5705612,0.93856704,0.33820668,-0.06861499,0.0,0.0,0.0,0.0,0.0
1477888323946,9.782059,0.45222473,-0.6125183,2.4393249,-2.0115542,-0.33743978,6.602859,7.2403364,-0.38749382,-42.166138,44.3985,40.872192,0.68813074,-0.046106957,-1.6333312,-0.07748728,0.6344195,-0.76909536,0.0041572675,0.77161366,0.636078,0.9969847,0.04609062,-0.0624277,0.0,0.0,0.0,0.0,0.0
1477888323843,9.782059,0.45222473,-0.6125183,1.6620789,-2.7818584,-0.27656376,6.602859,7.2403364,-0.38749382,-42.166138,44.3985,40.872192,0.68813074,-0.046106957,-1.6333312,-0.07748728,0.6344195,-0.76909536,0.0041572675,0.77161366,0.636078,0.9969847,0.04609062,-0.0624277,0.0,0.0,0.0,0.0,0.0
1477888323844,9.782059,0.45222473,-0.6125183,1.6620789,-2.7818584,-0.27656376,8.5468645,4.7712355,-0.59733915,-42.166138,44.3985,40.872192,0.68813074,-0.046106957,-1.6333312,-0.07748728,0.6344195,-0.76909536,0.0041572675,0.77161366,0.636078,0.9969847,0.04609062,-0.0624277,0.0,0.0,0.0,0.0,0.0
1477888324083,9.782059,0.45222473,-0.6125183,1.6620789,-2.7818584,-0.27656376,8.5468645,4.7712355,-0.59733915,-39.701843,58.40912,39.11438,0.5451042,-0.046106957,-1.6333312,-0.07728864,0.5179562,-0.8519084,-0.0069301724,0.8541646,0.5199567,0.9969847,0.04609062,-0.0624277,0.0,0.0,0.0,0.0,0.0
1477888324147,10.398163,-1.5408783,-0.3206787,1.6620789,-2.7818584,-0.27656376,8.5468645,4.7712355,-0.59733915,-39.701843,58.40912,39.11438,0.6314196,0.14704801,-1.6016265,0.0615657,0.5839208,-0.8094728,0.13640812,0.7984791,0.58636504,0.9887378,-0.14651865,-0.030492615,0.0,0.0,0.0,0.0,0.0
1477888324044,10.398163,-1.5408783,-0.3206787,1.1046076,-2.8730166,0.19215068,8.5468645,4.7712355,-0.59733915,-39.701843,58.40912,39.11438,0.6314196,0.14704801,-1.6016265,0.0615657,0.5839208,-0.8094728,0.13640812,0.7984791,0.58636504,0.9887378,-0.14651865,-0.030492615,0.0,0.0,0.0,0.0,0.0
1477888324044,10.398163,-1.5408783,-0.3206787,1.1046076,-2.8730166,0.19215068,9.575702,2.050815,-0.52008104,-39.701843,58.40912,39.11438,0.6314196,0.14704801,-1.6016265,0.0615657,0.5839208,-0.8094728,0.13640812,0.7984791,0.58636504,0.9887378,-0.14651865,-0.030492615,0.0,0.0,0.0,0.0,0.0
1477888324285,10.398163,-1.5408783,-0.3206787,1.1046076,-2.8730166,0.19215068,9.575702,2.050815,-0.52008104,-38.586426,62.017822,38.935852,0.5968458,0.14704801,-1.6016265,0.056813695,0.5559708,-0.82925785,0.13845474,0.81818616,0.5580336,0.9887378,-0.14651865,-0.030492615,0.0,0.0,0.0,0.0,0.0
1477888324349,9.867645,-2.0043945,-0.36238098,1.1046076,-2.8730166,0.19215068,9.575702,2.050815,-0.52008104,-38.586426,62.017822,38.935852,0.6172696,0.20026997,-1.607504,0.08514055,0.567242,-0.8191383,0.18335576,0.79916316,0.5724673,0.9793527,-0.19893391,-0.035965905,0.0,0.0,0.0,0.0,0.0
1477888324246,9.867645,-2.0043945,-0.36238098,0.276577,-2.0091972,0.12035704,9.575702,2.050815,-0.52008104,-38.586426,62.017822,38.935852,0.6172696,0.20026997,-1.607504,0.08514055,0.567242,-0.8191383,0.18335576,0.79916316,0.5724673,0.9793527,-0.19893391,-0.035965905,0.0,0.0,0.0,0.0,0.0
1477888324246,9.867645,-2.0043945,-0.36238098,0.276577,-2.0091972,0.12035704,9.798043,-0.07996632,-0.40290493,-38.586426,62.017822,38.935852,0.6172696,0.20026997,-1.607504,0.08514055,0.567242,-0.8191383,0.18335576,0.79916316,0.5724673,0.9793527,-0.19893391,-0.035965905,0.0,0.0,0.0,0.0,0.0
1477888324486,9.867645,-2.0043945,-0.36238098,0.276577,-2.0091972,0.12035704,9.798043,-0.07996632,-0.40290493,-38.264465,62.48169,39.328003,0.61773866,0.20026997,-1.607504,0.08522654,0.5676168,-0.8188697,0.18331581,0.798897,0.5728515,0.9793527,-0.19893391,-0.035965905,0.0,0.0,0.0,0.0,0.0
1477888324551,10.158981,-1.708725,-0.19200134,0.276577,-2.0091972,0.12035704,9.798043,-0.07996632,-0.40290493,-38.264465,62.48169,39.328003,0.61065173,0.1666095,-1.5896938,0.079594545,0.56546146,-0.8209251,0.14667918,0.80792975,0.5707317,0.98597664,-0.16583975,-0.018634629,0.0,0.0,0.0,0.0,0.0
1477888324447,10.158981,-1.708725,-0.19200134,0.2865095,-0.7962611,0.1540961,9.798043,-0.07996632,-0.40290493,-38.264465,62.48169,39.328003,0.61065173,0.1666095,-1.5896938,0.079594545,0.56546146,-0.8209251,0.14667918,0.80792975,0.5707317,0.98597664,-0.16583975,-0.018634629,0.0,0.0,0.0,0.0,0.0
1477888324649,10.158981,-1.708725,-0.19200134,0.2865095,-0.7962611,0.1540961,9.713378,-1.318575,-0.28642946,-38.264465,62.48169,39.328003,0.61065173,0.1666095,-1.5896938,0.079594545,0.56546146,-0.8209251,0.14667918,0.80792975,0.5707317,0.98597664,-0.16583975,-0.018634629,0.0,0.0,0.0,0.0,0.0
1477888324687,10.158981,-1.708725,-0.19200134,0.2865095,-0.7962611,0.1540961,9.713378,-1.318575,-0.28642946,-38.90686,60.635376,38.623047,0.6185571,0.1666095,-1.5896938,0.08075158,0.5718307,-0.81638765,0.14604537,0.8034344,0.5772035,0.98597664,-0.16583975,-0.018634629,0.0,0.0,0.0,0.0,0.0
1477888324752,10.128525,-1.2362366,-0.2414093,0.2865095,-0.7962611,0.1540961,9.713378,-1.318575,-0.28642946,-38.90686,60.635376,38.623047,0.59761983,0.12142006,-1.5946264,0.048435193,0.55853385,-0.82806647,0.11350768,0.820591,0.5601309,0.9923558,-0.121121936,-0.0236524,0.0,0.0,0.0,0.0,0.0
1477888324649,10.128525,-1.2362366,-0.2414093,0.17610931,-0.1813426,-0.062455267,9.713378,-1.318575,-0.28642946,-38.90686,60.635376,38.623047,0.59761983,0.12142006,-1.5946264,0.048435193,0.55853385,-0.82806647,0.11350768,0.820591,0.5601309,0.9923558,-0.121121936,-0.0236524,0.0,0.0,0.0,0.0,0.0
1477888324850,10.128525,-1.2362366,-0.2414093,0.17610931,-0.1813426,-0.062455267,9.747562,-1.0551952,-0.20487976,-38.90686,60.635376,38.623047,0.59761983,0.12142006,-1.5946264,0.048435193,0.55853385,-0.82806647,0.11350768,0.820591,0.5601309,0.9923558,-0.121121936,-0.0236524,0.0,0.0,0.0,0.0,0.0
1477888324889,10.128525,-1.2362366,-0.2414093,0.17610931,-0.1813426,-0.062455267,9.747562,-1.0551952,-0.20487976,-41.630554,52.270508,38.311768,0.6737171,0.12142006,-1.5946264,0.056924302,0.6193019,-0.7830867,0.10949695,0.7757543,0.62146264,0.9923558,-0.121121936,-0.0236524,0.0,0.0,0.0,0.0,0.0
1477888324953,10.410095,0.39941406,-0.26374817,0.17610931,-0.1813426,-0.062455267,9.747562,-1.0551952,-0.20487976,-41.630554,52.270508,38.311768,0.6049715,-0.038336854,-1.5961267,-0.0426238,0.5683208,-0.82170236,-0.017110098,0.82191396,0.56935465,0.99894464,0.038327463,-0.02530907,0.0,0.0,0.0,0.0,0.0
1477888324851,10.410095,0.39941406,-0.26374817,0.24766064,0.6445936,0.20440629,9.747562,-1.0551952,-0.20487976,-41.630554,52.270508,38.311768,0.6049715,-0.038336854,-1.5961267,-0.0426238,0.5683208,-0.82170236,-0.017110098,0.82191396,0.56935465,0.99894464,0.038327463,-0.02530907,0.0,0.0,0.0,0.0,0.0
1477888325052,10.410095,0.39941406,-0.26374817,0.24766064,0.6445936,0.20440629,9.799065,0.074806385,-0.3783379,-41.630554,52.270508,38.311768,0.6049715,-0.038336854,-1.5961267,-0.0426238,0.5683208,-0.82170236,-0.017110098,0.82191396,0.56935465,0.99894464,0.038327463,-0.02530907,0.0,0.0,0.0,0.0,0.0
1477888325090,10.410095,0.39941406,-0.26374817,0.24766064,0.6445936,0.20440629,9.799065,0.074806385,-0.3783379,-43.962097,36.442566,40.686035,0.8036695,-0.038336854,-1.5961267,-0.045162562,0.7193788,-0.69314814,-0.008359801,0.69355965,0.7203506,0.99894464,0.038327463,-0.02530907,0.0,0.0,0.0,0.0,0.0
1477888325155,9.3728485,2.9826355,-0.7943268,0.24766064,0.6445936,0.20440629,9.799065,0.074806385,-0.3783379,-43.962097,36.442566,40.686035,0.64435935,-0.30705574,-1.655342,-0.24842343,0.5725908,-0.7812974,-0.19005895,0.762091,0.6189467,0.94982284,0.3022534,-0.080495246,0.0,0.0,0.0,0.0,0.0
1477888325051,9.3728485,2.9826355,-0.7943268,-0.1789875,1.7979457,-0.54486656,9.799065,0.074806385,-0.3783379,-43.962097,36.442566,40.686035,0.64435935,-0.30705574,-1.655342,-0.24842343,0.5725908,-0.7812974,-0.19005895,0.762091,0.6189467,0.94982284,0.3022534,-0.080495246,0.0,0.0,0.0,0.0,0.0
1477888325253,9.3728485,2.9826355,-0.7943268,-0.1789875,1.7979457,-0.54486656,9.5774765,2.0117044,-0.62879,-43.962097,36.442566,40.686035,0.64435935,-0.30705574,-1.655342,-0.24842343,0.5725908,-0.7812974,-0.19005895,0.762091,0.6189467,0.94982284,0.3022534,-0.080495246,0.0,0.0,0.0,0.0,0.0
1477888325292,9.3728485,2.9826355,-0.7943268,-0.1789875,1.7979457,-0.54486656,9.5774765,2.0117044,-0.62879,-38.668823,19.656372,40.69519,0.87052226,-0.30705574,-1.655342,-0.2847159,0.72890043,-0.62260836,-0.12951247,0.61428595,0.77838266,0.94982284,0.3022534,-0.080495246,0.0,0.0,0.0,0.0,0.0
1477888325356,7.719528,5.5743713,-0.93336487,-0.1789875,1.7979457,-0.54486656,9.5774765,2.0117044,-0.62879,-38.668823,19.656372,40.69519,0.7149578,-0.621973,-1.6911218,-0.4698497,0.5328144,-0.7038112,-0.358089,0.61370987,0.7036566,0.8068541,0.5826398,-0.09755639,0.0,0.0,0.0,0.0,0.0
1477888325253,7.719528,5.5743713,-0.93336487,-1.0856676,2.2816122,-0.33404803,9.5774765,2.0117044,-0.62879,-38.668823,19.656372,40.69519,0.7149578,-0.621973,-1.6911218,-0.4698497,0.5328144,-0.7038112,-0.358089,0.61370987,0.7036566,0.8068541,0.5826398,-0.09755639,0.0,0.0,0.0,0.0,0.0
1477888325493,7.719528,5.5743713,-0.93336487,-1.0856676,2.2816122,-0.33404803,9.5774765,2.0117044,-0.62879,-29.151917,5.163574,40.419006,0.9929298,-0.621973,-1.6911218,-0.55007577,0.68076736,-0.48370695,-0.2154137,0.44394436,0.869776,0.8068541,0.5826398,-0.09755639,0.0,0.0,0.0,0.0,0.0
1477888325557,5.283264,7.769455,-0.36097717,-1.0856676,2.2816122,-0.33404803,9.5774765,2.0117044,-0.62879,-29.151917,5.163574,40.419006,0.91959274,-0.97253335,-1.639015,-0.69700336,0.4479502,-0.5599348,-0.44548514,0.34138525,0.82764673,0.561898,0.82631516,-0.038391482,0.0,0.0,0.0,0.0,0.0
1477888325455,5.283264,7.769455,-0.36097717,-2.1822367,2.76513,0.13259953,9.5774765,2.0117044,-0.62879,-29.151917,5.163574,40.419006,0.91959274,-0.97253335,-1.639015,-0.69700336,0.4479502,-0.5599348,-0.44548514,0.34138525,0.82764673,0.561898,0.82631516,-0.038391482,0.0,0.0,0.0,0.0,0.0
1477888325454,5.283264,7.769455,-0.36097717,-2.1822367,2.76513,0.13259953,8.631684,4.594455,-0.7452493,-29.151917,5.163574,40.419006,0.91959274,-0.97253335,-1.639015,-0.69700336,0.4479502,-0.5599348,-0.44548514,0.34138525,0.82764673,0.561898,0.82631516,-0.038391482,0.0,0.0,0.0,0.0,0.0
1477888325694,5.283264,7.769455,-0.36097717,-2.1822367,2.76513,0.13259953,8.631684,4.594455,-0.7452493,-20.64972,-1.6326904,39.811707,1.1241918,-0.97253335,-1.639015,-0.7729768,0.5079679,-0.38009924,-0.29458013,0.24325272,0.9241486,0.561898,0.82631516,-0.038391482,0.0,0.0,0.0,0.0,0.0
1477888325759,4.0176086,8.659988,-0.33584595,-2.1822367,2.76513,0.13259953,8.631684,4.594455,-0.7452493,-20.64972,-1.6326904,39.811707,1.0659593,-1.1350899,-1.6541959,-0.8310131,0.36940145,-0.4158844,-0.36404178,0.20413113,0.9087376,0.42058393,0.9065721,-0.03515808,0.0,0.0,0.0,0.0,0.0
1477888325656,4.0176086,8.659988,-0.33584595,-2.0067282,1.9832988,0.19585237,8.631684,4.594455,-0.7452493,-20.64972,-1.6326904,39.811707,1.0659593,-1.1350899,-1.6541959,-0.8310131,0.36940145,-0.4158844,-0.36404178,0.20413113,0.9087376,0.42058393,0.9065721,-0.03515808,0.0,0.0,0.0,0.0,0.0
1477888325656,4.0176086,8.659988,-0.33584595,-2.0067282,1.9832988,0.19585237,6.961646,6.885612,-0.5424144,-20.64972,-1.6326904,39.811707,1.0659593,-1.1350899,-1.6541959,-0.8310131,0.36940145,-0.4158844,-0.36404178,0.20413113,0.9087376,0.42058393,0.9065721,-0.03515808,0.0,0.0,0.0,0.0,0.0
1477888325896,4.0176086,8.659988,-0.33584595,-2.0067282,1.9832988,0.19585237,6.961646,6.885612,-0.5424144,-11.952209,-6.312561,40.122986,1.2919192,-1.1350899,-1.6541959,-0.89144886,0.405745,-0.20171712,-0.16860591,0.11618061,0.9788125,0.42058393,0.9065721,-0.03515808,0.0,0.0,0.0,0.0,0.0
1477888325960,1.476654,9.195984,-0.19972229,-2.0067282,1.9832988,0.19585237,6.961646,6.885612,-0.5424144,-11.952209,-6.312561,40.122986,1.1739715,-1.4101547,-1.7052338,-0.9540059,0.14752237,-0.26097843,-0.2544556,0.061820053,0.9651065,0.15850854,0.98712486,-0.021438798,0.0,0.0,0.0,0.0,0.0
1477888325857,1.476654,9.195984,-0.19972229,-2.448618,1.1929798,0.48036537,6.961646,6.885612,-0.5424144,-11.952209,-6.312561,40.122986,1.1739715,-1.4101547,-1.7052338,-0.9540059,0.14752237,-0.26097843,-0.2544556,0.061820053,0.9651065,0.15850854,0.98712486,-0.021438798,0.0,0.0,0.0,0.0,0.0
1477888325857,1.476654,9.195984,-0.19972229,-2.448618,1.1929798,0.48036537,5.178665,8.320438,-0.3494565,-11.952209,-6.312561,40.122986,1.1739715,-1.4101547,-1.7052338,-0.9540059,0.14752237,-0.26097843,-0.2544556,0.061820053,0.9651065,0.15850854,0.98712486,-0.021438798,0.0,0.0,0.0,0.0,0.0
1477888326097,1.476654,9.195984,-0.19972229,-2.448618,1.1929798,0.48036537,5.178665,8.320438,-0.3494565,-8.961487,-8.883667,38.293457,1.2450614,-1.4101547,-1.7052338,-0.96967036,0.15154085,-0.19176772,-0.18604983,0.051185388,0.9812062,0.15850854,0.98712486,-0.021438798,0.0,0.0,0.0,0.0,0.0
1477888326162,1.7908325,9.51944,0.17208862,-2.448618,1.1929798,0.48036537,5.178665,8.320438,-0.3494565,-8.961487,-8.883667,38.293457,1.4808203,-1.3840088,-1.4749963,-0.9655489,0.1849518,-0.18305226,-0.18315355,0.016686287,0.98294264,0.18485148,0.9826059,0.017763156,0.0,0.0,0.0,0.0,0.0
1477888326059,1.7908325,9.51944,0.17208862,-1.0644591,1.1691694,0.22540629,5.178665,8.320438,-0.3494565,-8.961487,-8.883667,38.293457,1.4808203,-1.3840088,-1.4749963,-0.9655489,0.1849518,-0.18305226,-0.18315355,0.016686287,0.98294264,0.18485148,0.9826059,0.017763156,0.0,0.0,0.0,0.0,0.0
1477888326059,1.7908325,9.51944,0.17208862,-1.0644591,1.1691694,0.22540629,3.2926798,9.233123,-0.27944902,-8.961487,-8.883667,38.293457,1.4808203,-1.3840088,-1.4749963,-0.9655489,0.1849518,-0.18305226,-0.18315355,0.016686287,0.98294264,0.18485148,0.9826059,0.017763156,0.0,0.0,0.0,0.0,0.0
1477888326299,1.7908325,9.51944,0.17208862,-1.0644591,1.1691694,0.22540629,3.2926798,9.233123,-0.27944902,-6.6589355,-8.883667,38.150024,1.5377184,-1.3840088,-1.4749963,-0.97440183,0.18560141,-0.12685858,-0.12794885,0.0061415434,0.9917616,0.18485148,0.9826059,0.017763156,0.0,0.0,0.0,0.0,0.0
1477888326364,1.9315643,9.571228,0.0027160645,-1.0644591,1.1691694,0.22540629,3.2926798,9.233123,-0.27944902,-6.6589355,-8.883667,38.150024,1.4477974,-1.3716608,-1.5693902,-0.972659,0.19632699,-0.1240568,-0.1216598,0.024270516,0.99227494,0.19782129,0.98023796,2.7816594E-4,0.0,0.0,0.0,0.0,0.0
1477888326260,1.9315643,9.571228,0.0027160645,-0.40284848,0.36793137,0.01819636,3.2926798,9.233123,-0.27944902,-6.6589355,-8.883667,38.150024,1.4477974,-1.3716608,-1.5693902,-0.972659,0.19632699,-0.1240568,-0.1216598,0.024270516,0.99227494,0.19782129,0.98023796,2.7816594E-4,0.0,0.0,0.0,0.0,0.0
1477888326260,1.9315643,9.571228,0.0027160645,-0.40284848,0.36793137,0.01819636,2.5141287,9.47873,-0.056723546,-6.6589355,-8.883667,38.150024,1.4477974,-1.3716608,-1.5693902,-0.972659,0.19632699,-0.1240568,-0.1216598,0.024270516,0.99227494,0.19782129,0.98023796,2.7816594E-4,0.0,0.0,0.0,0.0,0.0
1477888326500,1.9315643,9.571228,0.0027160645,-0.40284848,0.36793137,0.01819636,2.5141287,9.47873,-0.056723546,0.42114258,-9.848022,38.78479,1.632969,-1.3716608,-1.5693902,-0.97843057,0.19743928,0.060756944,0.059501342,-0.012291183,0.99815243,0.19782129,0.98023796,2.7816594E-4,0.0,0.0,0.0,0.0,0.0
1477888326565,0.58096313,9.60968,0.058441162,-0.40284848,0.36793137,0.01819636,2.5141287,9.47873,-0.056723546,0.42114258,-9.848022,38.78479,1.6969851,-1.5101093,-1.47054,-0.99784666,0.060167044,0.026112352,0.025699051,-0.0076329648,0.9996405,0.060344737,0.9981591,0.0060702935,0.0,0.0,0.0,0.0,0.0
1477888326462,0.58096313,9.60968,0.058441162,-0.40607452,0.40921307,0.23906139,2.5141287,9.47873,-0.056723546,0.42114258,-9.848022,38.78479,1.6969851,-1.5101093,-1.47054,-0.99784666,0.060167044,0.026112352,0.025699051,-0.0076329648,0.9996405,0.060344737,0.9981591,0.0060702935,0.0,0.0,0.0,0.0,0.0
1477888326596,0.58096313,9.60968,0.058441162,-0.40607452,0.40921307,0.23906139,0.8775696,9.7664585,-0.1286422,0.42114258,-9.848022,38.78479,1.6969851,-1.5101093,-1.47054,-0.99784666,0.060167044,0.026112352,0.025699051,-0.0076329648,0.9996405,0.060344737,0.9981591,0.0060702935,0.0,0.0,0.0,0.0,0.0
1477888326701,0.58096313,9.60968,0.058441162,-0.40607452,0.40921307,0.23906139,0.8775696,9.7664585,-0.1286422,15.286255,-8.616638,41.52527,2.0336242,-1.5101093,-1.47054,-0.93334895,0.054268587,0.35484472,0.35386205,-0.027078714,0.9349056,0.060344737,0.9981591,0.0060702935,0.0,0.0,0.0,0.0,0.0
1477888326766,-2.2556152,8.481415,-0.64886475,-0.40607452,0.40921307,0.23906139,0.8775696,9.7664585,-0.1286422,15.286255,-8.616638,41.52527,-0.99972606,-1.3008194,1.8508998,-0.9286795,-0.22438848,0.2953035,0.26806188,0.14416501,0.95255405,-0.25631458,0.96377707,-0.0737331,0.0,0.0,0.0,0.0,0.0
1477888326595,-2.2556152,8.481415,-0.64886475,-1.9292865,-0.44768333,-0.5174312,0.8775696,9.7664585,-0.1286422,15.286255,-8.616638,41.52527,-0.99972606,-1.3008194,1.8508998,-0.9286795,-0.22438848,0.2953035,0.26806188,0.14416501,0.95255405,-0.25631458,0.96377707,-0.0737331,0.0,0.0,0.0,0.0,0.0
1477888326797,-2.2556152,8.481415,-0.64886475,-1.9292865,-0.44768333,-0.5174312,-1.4471273,9.690663,-0.40894982,15.286255,-8.616638,41.52527,-0.99972606,-1.3008194,1.8508998,-0.9286795,-0.22438848,0.2953035,0.26806188,0.14416501,0.95255405,-0.25631458,0.96377707,-0.0737331,0.0,0.0,0.0,0.0,0.0
1477888326903,-2.2556152,8.481415,-0.64886475,-1.9292865,-0.44768333,-0.5174312,-1.4471273,9.690663,-0.40894982,29.829407,-1.9851685,42.640686,-0.7051149,-1.3008194,1.8508998,-0.81083095,-0.17285985,0.5591714,0.526171,0.20310886,0.8257668,-0.25631458,0.96377707,-0.0737331,0.0,0.0,0.0,0.0,0.0
1477888326968,-5.2528534,7.0638123,-0.3534088,-1.9292865,-0.44768333,-0.5174312,-1.4471273,9.690663,-0.40894982,29.829407,-1.9851685,42.640686,-1.0187291,-0.93030363,1.6379745,-0.7163527,-0.50881374,0.47743827,0.3623997,0.3134054,0.8777491,-0.59624255,0.80180144,-0.040114842,0.0,0.0,0.0,0.0,0.0
1477888326797,-5.2528534,7.0638123,-0.3534088,-2.7773924,-0.9136877,-0.12991798,-1.4471273,9.690663,-0.40894982,29.829407,-1.9851685,42.640686,-1.0187291,-0.93030363,1.6379745,-0.7163527,-0.50881374,0.47743827,0.3623997,0.3134054,0.8777491,-0.59624255,0.80180144,-0.040114842,0.0,0.0,0.0,0.0,0.0
1477888326998,-5.2528534,7.0638123,-0.3534088,-2.7773924,-0.9136877,-0.12991798,-4.294849,8.806088,-0.4212659,29.829407,-1.9851685,42.640686,-1.0187291,-0.93030363,1.6379745,-0.7163527,-0.50881374,0.47743827,0.3623997,0.3134054,0.8777491,-0.59624255,0.80180144,-0.040114842,0.0,0.0,0.0,0.0,0.0
1477888327105,-5.2528534,7.0638123,-0.3534088,-2.7773924,-0.9136877,-0.12991798,-4.294849,8.806088,-0.4212659,42.55371,8.995056,42.91687,-0.7638031,-0.93030363,1.6379745,-0.60181385,-0.41333726,0.6833538,0.5313331,0.43158627,0.7289845,-0.59624255,0.80180144,-0.040114842,0.0,0.0,0.0,0.0,0.0
1477888327168,-6.9542847,5.1489716,-0.6964874,-2.7773924,-0.9136877,-0.12991798,-4.294849,8.806088,-0.4212659,42.55371,8.995056,42.91687,-0.8340202,-0.6349458,1.6706158,-0.5040687,-0.59629095,0.6247814,0.32273766,0.54095227,0.77666664,-0.8010962,0.59313387,-0.08023161,0.0,0.0,0.0,0.0,0.0
1477888326999,-6.9542847,5.1489716,-0.6964874,-2.4214733,-1.3818698,-0.062909335,-4.294849,8.806088,-0.4212659,42.55371,8.995056,42.91687,-0.8340202,-0.6349458,1.6706158,-0.5040687,-0.59629095,0.6247814,0.32273766,0.54095227,0.77666664,-0.8010962,0.59313387,-0.08023161,0.0,0.0,0.0,0.0,0.0
1477888327306,-6.9542847,5.1489716,-0.6964874,-2.4214733,-1.3818698,-0.062909335,-4.294849,8.806088,-0.4212659,48.919678,22.200012,42.677307,-0.65175444,-0.6349458,1.6706158,-0.43722025,-0.4883616,0.75520945,0.40875825,0.6400743,0.6505548,-0.8010962,0.59313387,-0.08023161,0.0,0.0,0.0,0.0,0.0
1477888327371,-8.67038,2.6184235,-1.1923218,-2.4214733,-1.3818698,-0.062909335,-4.294849,8.806088,-0.4212659,48.919678,22.200012,42.677307,-0.7686801,-0.29070505,1.7074559,-0.2953315,-0.6660185,0.68498087,0.10940685,0.6886683,0.71677494,-0.94910985,0.28662777,-0.13051844,0.0,0.0,0.0,0.0,0.0
1477888327200,-8.67038,2.6184235,-1.1923218,-2.093802,-2.0965672,-0.029079914,-4.294849,8.806088,-0.4212659,48.919678,22.200012,42.677307,-0.7686801,-0.29070505,1.7074559,-0.2953315,-0.6660185,0.68498087,0.10940685,0.6886683,0.71677494,-0.94910985,0.28662777,-0.13051844,0.0,0.0,0.0,0.0,0.0
1477888327200,-8.67038,2.6184235,-1.1923218,-2.093802,-2.0965672,-0.029079914,-6.7904,7.0455484,-0.648929,48.919678,22.200012,42.677307,-0.7686801,-0.29070505,1.7074559,-0.2953315,-0.6660185,0.68498087,0.10940685,0.6886683,0.71677494,-0.94910985,0.28662777,-0.13051844,0.0,0.0,0.0,0.0,0.0
1477888327507,-8.67038,2.6184235,-1.1923218,-2.093802,-2.0965672,-0.029079914,-6.7904,7.0455484,-0.648929,51.35956,31.541443,43.371582,-0.6584534,-0.29070505,1.7074559,-0.28150398,-0.58622044,0.7596716,0.1412304,0.75775325,0.6370745,-0.94910985,0.28662777,-0.13051844,0.0,0.0,0.0,0.0,0.0
1477888327571,-8.946838,0.95262146,-0.65026855,-2.093802,-2.0965672,-0.029079914,-6.7904,7.0455484,-0.648929,51.35956,31.541443,43.371582,-0.8170668,-0.105799116,1.6433501,-0.1264057,-0.72506464,0.67698073,0.019224249,0.68053627,0.7324623,-0.9917924,0.10560185,-0.07208484,0.0,0.0,0.0,0.0,0.0
1477888327402,-8.946838,0.95262146,-0.65026855,-1.4072762,-2.2830417,-0.029892325,-6.7904,7.0455484,-0.648929,51.35956,31.541443,43.371582,-0.8170668,-0.105799116,1.6433501,-0.1264057,-0.72506464,0.67698073,0.019224249,0.68053627,0.7324623,-0.9917924,0.10560185,-0.07208484,0.0,0.0,0.0,0.0,0.0
1477888327401,-8.946838,0.95262146,-0.65026855,-1.4072762,-2.2830417,-0.029892325,-8.670708,4.458031,-1.0560218,51.35956,31.541443,43.371582,-0.8170668,-0.105799116,1.6433501,-0.1264057,-0.72506464,0.67698073,0.019224249,0.68053627,0.7324623,-0.9917924,0.10560185,-0.07208484,0.0,0.0,0.0,0.0,0.0
1477888327708,-8.946838,0.95262146,-0.65026855,-1.4072762,-2.2830417,-0.029892325,-8.670708,4.458031,-1.0560218,53.250122,41.00647,43.400574,-0.7009547,-0.105799116,1.6433501,-0.1233274,-0.6413413,0.75727904,0.033739075,0.7599536,0.6491011,-0.9917924,0.10560185,-0.07208484,0.0,0.0,0.0,0.0,0.0
1477888327773,-9.977478,-1.1838226,-1.0566559,-1.4072762,-2.2830417,-0.029892325,-8.670708,4.458031,-1.0560218,53.250122,41.00647,43.400574,-0.8352315,0.11744665,1.6763071,0.015730726,-0.7363441,0.67642444,-0.15627524,0.66638356,0.7290481,-0.9875883,-0.11717684,-0.10458965,0.0,0.0,0.0,0.0,0.0
1477888327603,-9.977478,-1.1838226,-1.0566559,-1.3922443,-2.4060273,-0.44902617,-8.670708,4.458031,-1.0560218,53.250122,41.00647,43.400574,-0.8352315,0.11744665,1.6763071,0.015730726,-0.7363441,0.67642444,-0.15627524,0.66638356,0.7290481,-0.9875883,-0.11717684,-0.10458965,0.0,0.0,0.0,0.0,0.0
1477888327603,-9.977478,-1.1838226,-1.0566559,-1.3922443,-2.4060273,-0.44902617,-9.499702,2.2116747,-1.0171167,53.250122,41.00647,43.400574,-0.8352315,0.11744665,1.6763071,0.015730726,-0.7363441,0.67642444,-0.15627524,0.66638356,0.7290481,-0.9875883,-0.11717684,-0.10458965,0.0,0.0,0.0,0.0,0.0
1477888327910,-9.977478,-1.1838226,-1.0566559,-1.3922443,-2.4060273,-0.44902617,-9.499702,2.2116747,-1.0171167,52.931213,44.10553,42.756653,-0.7832131,0.11744665,1.6763071,0.0075839143,-0.7006994,0.7134163,-0.15688176,0.7037683,0.6928912,-0.9875883,-0.11717684,-0.10458965,0.0,0.0,0.0,0.0,0.0
1477888327975,-9.639191,-1.0938568,-0.42955017,-1.3922443,-2.4060273,-0.44902617,-9.499702,2.2116747,-1.0171167,52.931213,44.10553,42.756653,-0.8200462,0.112885684,1.6153297,0.051912498,-0.7265235,0.68517786,-0.109320626,0.6778454,0.72703135,-0.99265003,-0.11264608,-0.044235352,0.0,0.0,0.0,0.0,0.0
1477888327805,-9.639191,-1.0938568,-0.42955017,-0.61520386,-1.6035666,0.28205514,-9.499702,2.2116747,-1.0171167,52.931213,44.10553,42.756653,-0.8200462,0.112885684,1.6153297,0.051912498,-0.7265235,0.68517786,-0.109320626,0.6778454,0.72703135,-0.99265003,-0.11264608,-0.044235352,0.0,0.0,0.0,0.0,0.0
1477888327805,-9.639191,-1.0938568,-0.42955017,-0.61520386,-1.6035666,0.28205514,-9.765048,0.17420125,-0.8853687,52.931213,44.10553,42.756653,-0.8200462,0.112885684,1.6153297,0.051912498,-0.7265235,0.68517786,-0.109320626,0.6778454,0.72703135,-0.99265003,-0.11264608,-0.044235352,0.0,0.0,0.0,0.0,0.0
1477888328111,-9.639191,-1.0938568,-0.42955017,-0.61520386,-1.6035666,0.28205514,-9.765048,0.17420125,-0.8853687,54.40216,41.921997,42.46216,-0.8474287,0.112885684,1.6153297,0.05488613,-0.7448099,0.6650155,-0.10785832,0.65769976,0.7455183,-0.99265003,-0.11264608,-0.044235352,0.0,0.0,0.0,0.0,0.0
1477888328176,-9.462875,-0.5673523,-0.64019775,-0.61520386,-1.6035666,0.28205514,-9.765048,0.17420125,-0.8853687,54.40216,41.921997,42.46216,-0.7887461,0.05974765,1.638347,-0.0053018234,-0.70820415,0.70598775,-0.089874014,0.7034779,0.70501155,-0.99593896,-0.05971211,-0.06737887,0.0,0.0,0.0,0.0,0.0
