timestamp, accx, accy, accz, laccx, laccy, laccz, gravx, gravy, gravz, magfieldx, magfieldy, magfieldz, anglex, angley, anglez, rot0, rot1, rot2, rot3, rot4, rot5, rot6, rot7, rot8, speedgps, latgps, longps
278257882224254,0.0,0.0,0.0,0.0,0.0,0.0,0.0,0.0,0.0,-25.9375,-46.375,-0.0625,0.0,-0.0,-0.0,0.0,0.0,0.0,0.0,0.0,0.0,0.0,0.0,0.0,0.0,0.0,0.0
278257902203837,0.0,0.0,0.0,0.0,0.0,0.0,0.0,0.0,0.0,-26.125,-46.4375,-0.1875,0.0,-0.0,-0.0,0.0,0.0,0.0,0.0,0.0,0.0,0.0,0.0,0.0,0.0,0.0,0.0
278257921989618,0.0,0.0,0.0,0.0,0.0,0.0,0.0,0.0,0.0,-26.0625,-46.4375,-0.4375,0.0,-0.0,-0.0,0.0,0.0,0.0,0.0,0.0,0.0,0.0,0.0,0.0,0.0,0.0,0.0
278257941766181,0.0,0.0,0.0,0.0,0.0,0.0,0.0,0.0,0.0,-26.3125,-46.3125,-0.6875,0.0,-0.0,-0.0,0.0,0.0,0.0,0.0,0.0,0.0,0.0,0.0,0.0,0.0,0.0,0.0
278257961489045,0.0,0.0,0.0,0.0,0.0,0.0,0.0,0.0,0.0,-26.3125,-46.1875,-0.8125,0.0,-0.0,-0.0,0.0,0.0,0.0,0.0,0.0,0.0,0.0,0.0,0.0,0.0,0.0,0.0
278257982225764,0.0,0.0,0.0,0.0,0.0,0.0,0.0,0.0,0.0,-26.375,-46.1875,-1.0,0.0,-0.0,-0.0,0.0,0.0,0.0,0.0,0.0,0.0,0.0,0.0,0.0,0.0,0.0,0.0
278258001059045,0.0,0.0,0.0,0.0,0.0,0.0,0.0,0.0,0.0,-26.625,-46.125,-1.1875,0.0,-0.0,-0.0,0.0,0.0,0.0,0.0,0.0,0.0,0.0,0.0,0.0,0.0,0.0,0.0
278258020795712,0.0,0.0,0.0,0.0,0.0,0.0,0.0,0.0,0.0,-26.625,-45.9375,-1.3125,0.0,-0.0,-0.0,0.0,0.0,0.0,0.0,0.0,0.0,0.0,0.0,0.0,0.0,0.0,0.0
278258040397847,0.0,0.0,0.0,0.0,0.0,0.0,0.0,0.0,0.0,-26.9375,-46.0,-1.5625,0.0,-0.0,-0.0,0.0,0.0,0.0,0.0,0.0,0.0,0.0,0.0,0.0,0.0,0.0,0.0
278258043813004,0.5267244,9.768343,0.7086837,0.0,0.0,0.0,0.0,0.0,0.0,-26.9375,-46.0,-1.5625,1.005914,-1.4806485,-0.6391627,-0.072166175,0.07604057,-0.9944897,-0.9959458,0.048192378,0.07595672,0.05370262,0.99593943,0.072254434,0.0,0.0,0.0
278258043813004,0.5267244,9.768343,0.7086837,0.0,0.0,0.0,0.47237554,9.76755,0.7363643,-26.9375,-46.0,-1.5625,1.005914,-1.4806485,-0.6391627,-0.072166175,0.07604057,-0.9944897,-0.9959458,0.048192378,0.07595672,0.05370262,0.99593943,0.072254434,0.0,0.0,0.0
278258043813004,0.5267244,9.768343,0.7086837,0.054348856,7.9250336E-4,-0.027680576,0.47237554,9.76755,0.7363643,-26.9375,-46.0,-1.5625,1.005914,-1.4806485,-0.6391627,-0.072166175,0.07604057,-0.9944897,-0.9959458,0.048192378,0.07595672,0.05370262,0.99593943,0.072254434,0.0,0.0,0.0
1477463170000,0.5267244,9.768343,0.7086837,0.054348856,7.9250336E-4,-0.027680576,0.47237554,9.76755,0.7363643,-26.9375,-46.0,-1.5625,1.005914,-1.4806485,-0.6391627,-0.072166175,0.07604057,-0.9944897,-0.9959458,0.048192378,0.07595672,0.05370262,0.99593943,0.072254434,0.0,40.81583494,-96.68554287
278258060325764,0.5267244,9.768343,0.7086837,0.054348856,7.9250336E-4,-0.027680576,0.47237554,9.76755,0.7363643,-26.8125,-46.0625,-1.9375,0.9911571,-1.4806485,-0.6391627,-0.05746181,0.075321145,-0.99550223,-0.99690217,0.04930921,0.061273426,0.05370262,0.99593943,0.072254434,0.0,40.81583494,-96.68554287
278258080073472,0.5267244,9.768343,0.7086837,0.054348856,7.9250336E-4,-0.027680576,0.47237554,9.76755,0.7363643,-26.8125,-46.0625,-2.125,0.98348475,-1.4806485,-0.6391627,-0.04981159,0.07494062,-0.9959431,-0.9973138,0.049885646,0.05363383,0.05370262,0.99593943,0.072254434,0.0,40.81583494,-96.68554287
278258100860347,0.5267244,9.768343,0.7086837,0.054348856,7.9250336E-4,-0.027680576,0.47237554,9.76755,0.7363643,-26.875,-46.0625,-2.0,0.9884597,-1.4806485,-0.6391627,-0.054772593,0.07518787,-0.995664,-0.9970537,0.049512204,0.058587972,0.05370262,0.99593943,0.072254434,0.0,40.81583494,-96.68554287
278258119574149,0.5267244,9.768343,0.7086837,0.054348856,7.9250336E-4,-0.027680576,0.47237554,9.76755,0.7363643,-27.0,-46.25,-2.1875,0.9811366,-1.4806485,-0.6391627,-0.04746969,0.074823275,-0.9960664,-0.9974281,0.050061475,0.051295143,0.05370262,0.99593943,0.072254434,0.0,40.81583494,-96.68554287
278258139339670,0.5267244,9.768343,0.7086837,0.054348856,7.9250336E-4,-0.027680576,0.47237554,9.76755,0.7363643,-27.0,-46.5625,-1.9375,0.9922544,-1.4806485,-0.6391627,-0.058555704,0.075375214,-0.9954345,-0.9968387,0.049226534,0.062365778,0.05370262,0.99593943,0.072254434,0.0,40.81583494,-96.68554287
278258159090243,0.5267244,9.768343,0.7086837,0.054348856,7.9250336E-4,-0.027680576,0.47237554,9.76755,0.7363643,-27.0,-46.5625,-1.75,0.9998682,-1.4806485,-0.6391627,-0.06614367,0.07574782,-0.9949308,-0.99636394,0.048651215,0.069942944,0.05370262,0.99593943,0.072254434,0.0,40.81583494,-96.68554287
278258178941754,0.5267244,9.768343,0.7086837,0.054348856,7.9250336E-4,-0.027680576,0.47237554,9.76755,0.7363643,-27.0,-46.5625,-1.5,1.0100071,-1.4806485,-0.6391627,-0.076242164,0.076237194,-0.99417055,-0.9956421,0.047880724,0.080026716,0.05370262,0.99593943,0.072254434,0.0,40.81583494,-96.68554287
278258198263368,0.5267244,9.768343,0.7086837,0.054348856,7.9250336E-4,-0.027680576,0.47237554,9.76755,0.7363643,-26.6875,-46.5,-1.3125,1.0184834,-1.4806485,-0.6391627,-0.08467869,0.0766403,-0.9934565,-0.9949601,0.047232807,0.088450626,0.05370262,0.99593943,0.072254434,0.0,40.81583494,-96.68554287
278258219922170,0.5267244,9.768343,0.7086837,0.054348856,7.9250336E-4,-0.027680576,0.47237554,9.76755,0.7363643,-26.75,-46.3125,-0.9375,1.0329777,-1.4806485,-0.6391627,-0.09909047,0.077316836,-0.99207014,-0.99362826,0.04611704,0.10284023,0.05370262,0.99593943,0.072254434,0.0,40.81583494,-96.68554287
278258238120191,0.5267244,9.768343,0.7086837,0.054348856,7.9250336E-4,-0.027680576,0.47237554,9.76755,0.7363643,-26.75,-46.4375,-0.625,1.0460931,-1.4806485,-0.6391627,-0.1121133,0.07791501,-0.99063605,-0.99224323,0.045099065,0.11584229,0.05370262,0.99593943,0.072254434,0.0,40.81583494,-96.68554287
278258241503264,0.49799395,9.902418,0.6703765,0.054348856,7.9250336E-4,-0.027680576,0.47237554,9.76755,0.7363643,-26.75,-46.4375,-0.625,1.0362384,-1.4866617,-0.638914,-0.10235172,0.07231185,-0.9921165,-0.9934852,0.042812664,0.10561338,0.050112247,0.99646276,0.06745879,0.0,40.81583494,-96.68554287
278258241503264,0.49799395,9.902418,0.6703765,0.054348856,7.9250336E-4,-0.027680576,0.5063976,9.763279,0.76965576,-26.75,-46.4375,-0.625,1.0362384,-1.4866617,-0.638914,-0.10235172,0.07231185,-0.9921165,-0.9934852,0.042812664,0.10561338,0.050112247,0.99646276,0.06745879,0.0,40.81583494,-96.68554287
278258241503264,0.49799395,9.902418,0.6703765,-0.008403659,0.13913918,-0.099279284,0.5063976,9.763279,0.76965576,-26.75,-46.4375,-0.625,1.0362384,-1.4866617,-0.638914,-0.10235172,0.07231185,-0.9921165,-0.9934852,0.042812664,0.10561338,0.050112247,0.99646276,0.06745879,0.0,40.81583494,-96.68554287
278258257816076,0.49799395,9.902418,0.6703765,-0.008403659,0.13913918,-0.099279284,0.5063976,9.763279,0.76965576,-26.875,-46.5,-0.9375,1.0233049,-1.4866617,-0.638914,-0.08949433,0.07175209,-0.9933994,-0.9947258,0.043744296,0.09277343,0.050112247,0.99646276,0.06745879,0.0,40.81583494,-96.68554287
278258277421545,0.49799395,9.902418,0.6703765,-0.008403659,0.13913918,-0.099279284,0.5063976,9.763279,0.76965576,-26.875,-46.375,-0.75,1.0305017,-1.4866617,-0.638914,-0.09665068,0.07206505,-0.9927061,-0.9940561,0.043226793,0.099920146,0.050112247,0.99646276,0.06745879,0.0,40.81583494,-96.68554287
278258297318108,0.49799395,9.902418,0.6703765,-0.008403659,0.13913918,-0.099279284,0.5063976,9.763279,0.76965576,-27.125,-46.3125,-1.0625,1.0168682,-1.4866617,-0.638914,-0.083089784,0.07146904,-0.993976,-0.9952813,0.044205237,0.086377345,0.050112247,0.99646276,0.06745879,0.0,40.81583494,-96.68554287
278258317095556,0.49799395,9.902418,0.6703765,-0.008403659,0.13913918,-0.099279284,0.5063976,9.763279,0.76965576,-27.1875,-46.1875,-1.0,1.0187936,-1.4866617,-0.638914,-0.08500572,0.07155401,-0.9938078,-0.9951194,0.044067558,0.08829077,0.050112247,0.99646276,0.06745879,0.0,40.81583494,-96.68554287
278258338620868,0.49799395,9.902418,0.6703765,-0.008403659,0.13913918,-0.099279284,0.5063976,9.763279,0.76965576,-27.25,-46.1875,-1.125,1.0136083,-1.4866617,-0.638914,-0.079844736,0.07132455,-0.99425226,-0.9955468,0.044437986,0.08313654,0.050112247,0.99646276,0.06745879,0.0,40.81583494,-96.68554287
278258356508576,0.49799395,9.902418,0.6703765,-0.008403659,0.13913918,-0.099279284,0.5063976,9.763279,0.76965576,-27.5625,-46.3125,-1.0625,1.015431,-1.4866617,-0.638914,-0.08165928,0.07140543,-0.99409914,-0.9953997,0.044307906,0.08494872,0.050112247,0.99646276,0.06745879,0.0,40.81583494,-96.68554287
278258376464201,0.49799395,9.902418,0.6703765,-0.008403659,0.13913918,-0.099279284,0.5063976,9.763279,0.76965576,-27.8125,-46.4375,-1.25,1.0076776,-1.4866617,-0.638914,-0.07393895,0.07105975,-0.9947279,-0.9960029,0.044860218,0.07723837,0.050112247,0.99646276,0.06745879,0.0,40.81583494,-96.68554287
278258395836337,0.49799395,9.902418,0.6703765,-0.008403659,0.13913918,-0.099279284,0.5063976,9.763279,0.76965576,-28.3125,-46.125,-1.3125,1.0030155,-1.4866617,-0.638914,-0.06929484,0.070849836,-0.99507713,-0.99633676,0.045191005,0.07260018,0.050112247,0.99646276,0.06745879,0.0,40.81583494,-96.68554287
278258415867274,0.49799395,9.902418,0.6703765,-0.008403659,0.13913918,-0.099279284,0.5063976,9.763279,0.76965576,-28.5,-46.0,-1.125,1.0092944,-1.4866617,-0.638914,-0.07554925,0.07113219,-0.9946017,-0.99588203,0.044745266,0.07884661,0.050112247,0.99646276,0.06745879,0.0,40.81583494,-96.68554287
278258435659566,0.49799395,9.902418,0.6703765,-0.008403659,0.13913918,-0.099279284,0.5063976,9.763279,0.76965576,-28.5625,-45.9375,-1.0625,1.0113089,-1.4866617,-0.638914,-0.07755539,0.071222186,-0.99444085,-0.99572784,0.044601873,0.08085016,0.050112247,0.99646276,0.06745879,0.0,40.81583494,-96.68554287
278258439718316,0.9864111,9.911995,0.8523358,-0.008403659,0.13913918,-0.099279284,0.5063976,9.763279,0.76965576,-28.5625,-45.9375,-1.0625,0.83666635,-1.4400247,-0.858186,-0.1189416,0.096809804,-0.9881704,-0.9879866,0.0873595,0.12747797,0.0986672,0.9914616,0.08525612,0.0,40.81583494,-96.68554287
278258439718316,0.9864111,9.911995,0.8523358,-0.008403659,0.13913918,-0.099279284,0.96339995,9.72551,0.8103952,-28.5625,-45.9375,-1.0625,0.83666635,-1.4400247,-0.858186,-0.1189416,0.096809804,-0.9881704,-0.9879866,0.0873595,0.12747797,0.0986672,0.9914616,0.08525612,0.0,40.81583494,-96.68554287
278258439718316,0.9864111,9.911995,0.8523358,0.023011148,0.18648529,0.04194063,0.96339995,9.72551,0.8103952,-28.5625,-45.9375,-1.0625,0.83666635,-1.4400247,-0.858186,-0.1189416,0.096809804,-0.9881704,-0.9879866,0.0873595,0.12747797,0.0986672,0.9914616,0.08525612,0.0,40.81583494,-96.68554287
278258458008003,0.9864111,9.911995,0.8523358,0.023011148,0.18648529,0.04194063,0.96339995,9.72551,0.8103952,-28.6875,-45.625,-0.6875,0.8500751,-1.4400247,-0.858186,-0.13217822,0.09797246,-0.98637235,-0.98630303,0.086053595,0.14071628,0.0986672,0.9914616,0.08525612,0.0,40.81583494,-96.68554287
278258475054358,0.9864111,9.911995,0.8523358,0.023011148,0.18648529,0.04194063,0.96339995,9.72551,0.8103952,-28.875,-45.375,-0.8125,0.84302,-1.4400247,-0.858186,-0.12521654,0.09736291,-0.9873405,-0.9872109,0.08674265,0.13375393,0.0986672,0.9914616,0.08525612,0.0,40.81583494,-96.68554287
278258494880243,0.9864111,9.911995,0.8523358,0.023011148,0.18648529,0.04194063,0.96339995,9.72551,0.8103952,-29.25,-45.1875,-0.6875,0.84536105,-1.4400247,-0.858186,-0.1275272,0.0975657,-0.98702466,-0.9869151,0.08651448,0.13606486,0.0986672,0.9914616,0.08525612,0.0,40.81583494,-96.68554287
278258514676858,0.9864111,9.911995,0.8523358,0.023011148,0.18648529,0.04194063,0.96339995,9.72551,0.8103952,-29.375,-44.9375,-0.5,0.8511423,-1.4400247,-0.858186,-0.13323067,0.09806424,-0.9862216,-0.9861614,0.08594899,0.14176881,0.0986672,0.9914616,0.08525612,0.0,40.81583494,-96.68554287
278258534528316,0.9864111,9.911995,0.8523358,0.023011148,0.18648529,0.04194063,0.96339995,9.72551,0.8103952,-29.75,-44.625,-0.6875,0.8406912,-1.4400247,-0.858186,-0.12291713,0.097160645,-0.9876494,-0.98749995,0.08696916,0.13145418,0.0986672,0.9914616,0.08525612,0.0,40.81583494,-96.68554287
278258554106233,0.9864111,9.911995,0.8523358,0.023011148,0.18648529,0.04194063,0.96339995,9.72551,0.8103952,-30.125,-44.375,-0.8125,0.833173,-1.4400247,-0.858186,-0.11548952,0.09650405,-0.98860973,-0.98839617,0.08769716,0.1240252,0.0986672,0.9914616,0.08525612,0.0,40.81583494,-96.68554287
278258574752430,0.9864111,9.911995,0.8523358,0.023011148,0.18648529,0.04194063,0.96339995,9.72551,0.8103952,-30.5625,-44.0,-0.75,0.83222365,-1.4400247,-0.858186,-0.1145511,0.09642075,-0.98872703,-0.9885053,0.08778874,0.12308658,0.0986672,0.9914616,0.08525612,0.0,40.81583494,-96.68554287
278258593767222,0.9864111,9.911995,0.8523358,0.023011148,0.18648529,0.04194063,0.96339995,9.72551,0.8103952,-31.1875,-43.625,-0.875,0.823621,-1.4400247,-0.858186,-0.10604322,0.095661975,-0.98974925,-0.9894541,0.088614956,0.11457648,0.0986672,0.9914616,0.08525612,0.0,40.81583494,-96.68554287
278258613463733,0.9864111,9.911995,0.8523358,0.023011148,0.18648529,0.04194063,0.96339995,9.72551,0.8103952,-31.9375,-43.3125,-1.0,0.8151886,-1.4400247,-0.858186,-0.097696036,0.094911344,-0.9906802,-0.9903131,0.089418456,0.106226504,0.0986672,0.9914616,0.08525612,0.0,40.81583494,-96.68554287
278258633313733,0.9864111,9.911995,0.8523358,0.023011148,0.18648529,0.04194063,0.96339995,9.72551,0.8103952,-32.6875,-43.0625,-1.0625,0.8095944,-1.4400247,-0.858186,-0.09215457,0.09440964,-0.991259,-0.9908442,0.089948006,0.10068285,0.0986672,0.9914616,0.08525612,0.0,40.81583494,-96.68554287
278258636418576,2.0398598,9.643845,0.90021986,0.023011148,0.18648529,0.04194063,0.96339995,9.72551,0.8103952,-32.6875,-43.0625,-1.0625,0.5519308,-1.3435876,-1.1551886,-0.12357255,0.11811064,-0.9852816,-0.9707007,0.19181125,0.14473721,0.20608307,0.97429895,0.09094747,0.0,40.81583494,-96.68554287
278258636418576,2.0398598,9.643845,0.90021986,0.023011148,0.18648529,0.04194063,2.242458,9.519057,0.7275597,-32.6875,-43.0625,-1.0625,0.5519308,-1.3435876,-1.1551886,-0.12357255,0.11811064,-0.9852816,-0.9707007,0.19181125,0.14473721,0.20608307,0.97429895,0.09094747,0.0,40.81583494,-96.68554287
278258636418576,2.0398598,9.643845,0.90021986,-0.20259833,0.12478733,0.17266017,2.242458,9.519057,0.7275597,-32.6875,-43.0625,-1.0625,0.5519308,-1.3435876,-1.1551886,-0.12357255,0.11811064,-0.9852816,-0.9707007,0.19181125,0.14473721,0.20608307,0.97429895,0.09094747,0.0,40.81583494,-96.68554287
278258653031493,2.0398598,9.643845,0.90021986,-0.20259833,0.12478733,0.17266017,2.242458,9.519057,0.7275597,-33.4375,-42.75,-1.3125,0.53631335,-1.3435876,-1.1551886,-0.108398244,0.11510076,-0.9874217,-0.97251207,0.19363235,0.12933262,0.20608307,0.97429895,0.09094747,0.0,40.81583494,-96.68554287
278258672766441,2.0398598,9.643845,0.90021986,-0.20259833,0.12478733,0.17266017,2.242458,9.519057,0.7275597,-34.375,-42.1875,-1.3125,0.529683,-1.3435876,-1.1551886,-0.10194782,0.113814384,-0.9882576,-0.97320944,0.19439127,0.12278287,0.20608307,0.97429895,0.09094747,0.0,40.81583494,-96.68554287
278258693305660,2.0398598,9.643845,0.90021986,-0.20259833,0.12478733,0.17266017,2.242458,9.519057,0.7275597,-35.125,-41.6875,-1.125,0.53168476,-1.3435876,-1.1551886,-0.10389576,0.11420328,-0.98800975,-0.9730034,0.19416304,0.124760896,0.20608307,0.97429895,0.09094747,0.0,40.81583494,-96.68554287
278258712252691,2.0398598,9.643845,0.90021986,-0.20259833,0.12478733,0.17266017,2.242458,9.519057,0.7275597,-35.8125,-41.125,-0.8125,0.538153,-1.3435876,-1.1551886,-0.11018705,0.11545677,-0.98718214,-0.972311,0.19342029,0.13114882,0.20608307,0.97429895,0.09094747,0.0,40.81583494,-96.68554287
278258731973107,2.0398598,9.643845,0.90021986,-0.20259833,0.12478733,0.17266017,2.242458,9.519057,0.7275597,-36.5625,-40.4375,-0.625,0.5389878,-1.3435876,-1.1551886,-0.11099873,0.1156182,-0.9870723,-0.97221863,0.19332384,0.1319729,0.20608307,0.97429895,0.09094747,0.0,40.81583494,-96.68554287
278258751770451,2.0398598,9.643845,0.90021986,-0.20259833,0.12478733,0.17266017,2.242458,9.519057,0.7275597,-37.3125,-39.75,-0.25,0.5462506,-1.3435876,-1.1551886,-0.118056715,0.1170192,-0.98608774,-0.97138685,0.19247903,0.1391382,0.20608307,0.97429895,0.09094747,0.0,40.81583494,-96.68554287
278258771469670,2.0398598,9.643845,0.90021986,-0.20259833,0.12478733,0.17266017,2.242458,9.519057,0.7275597,-38.125,-39.375,-0.3125,0.5394019,-1.3435876,-1.1551886,-0.11140132,0.11569825,-0.9870176,-0.9721727,0.19327594,0.13238163,0.20608307,0.97429895,0.09094747,0.0,40.81583494,-96.68554287
278258791222795,2.0398598,9.643845,0.90021986,-0.20259833,0.12478733,0.17266017,2.242458,9.519057,0.7275597,-38.9375,-38.6875,-0.5,0.5276863,-1.3435876,-1.1551886,-0.100004315,0.113426,-0.98850065,-0.97341096,0.1946181,0.12080929,0.20608307,0.97429895,0.09094747,0.0,40.81583494,-96.68554287
278258811036337,2.0398598,9.643845,0.90021986,-0.20259833,0.12478733,0.17266017,2.242458,9.519057,0.7275597,-39.875,-37.9375,-0.3125,0.52789396,-1.3435876,-1.1551886,-0.10020649,0.11346642,-0.98847556,-0.97339016,0.19459456,0.12101458,0.20608307,0.97429895,0.09094747,0.0,40.81583494,-96.68554287
278258830378941,2.0398598,9.643845,0.90021986,-0.20259833,0.12478733,0.17266017,2.242458,9.519057,0.7275597,-40.8125,-37.0625,-0.5,0.5162297,-1.3435876,-1.1551886,-0.08884608,0.11118895,-0.9898199,-0.97449285,0.19590479,0.109476805,0.20608307,0.97429895,0.09094747,0.0,40.81583494,-96.68554287
278258833984097,3.8498764,9.078813,-0.06703765,-0.20259833,0.12478733,0.17266017,2.242458,9.519057,0.7275597,-40.8125,-37.0625,-0.5,-0.052380655,-1.1696757,-1.5882075,0.03080712,-0.020442698,-0.9993163,-0.92013353,0.3899149,-0.036342427,0.39039123,0.920624,-0.006797857,0.0,40.81583494,-96.68554287
278258833984097,3.8498764,9.078813,-0.06703765,-0.20259833,0.12478733,0.17266017,3.985669,8.948708,0.4532874,-40.8125,-37.0625,-0.5,-0.052380655,-1.1696757,-1.5882075,0.03080712,-0.020442698,-0.9993163,-0.92013353,0.3899149,-0.036342427,0.39039123,0.920624,-0.006797857,0.0,40.81583494,-96.68554287
278258833984097,3.8498764,9.078813,-0.06703765,-0.1357925,0.13010502,-0.52032506,3.985669,8.948708,0.4532874,-40.8125,-37.0625,-0.5,-0.052380655,-1.1696757,-1.5882075,0.03080712,-0.020442698,-0.9993163,-0.92013353,0.3899149,-0.036342427,0.39039123,0.920624,-0.006797857,0.0,40.81583494,-96.68554287
278258850271597,3.8498764,9.078813,-0.06703765,-0.1357925,0.13010502,-0.52032506,3.985669,8.948708,0.4532874,-41.6875,-36.4375,-0.4375,-0.048152085,-1.1696757,-1.5882075,0.026916008,-0.018793738,-0.99946105,-0.9202556,0.38999787,-0.032116435,0.39039123,0.920624,-0.006797857,0.0,40.81583494,-96.68554287
278258869971493,3.8498764,9.078813,-0.06703765,-0.1357925,0.13010502,-0.52032506,3.985669,8.948708,0.4532874,-42.8125,-35.625,-0.75,-0.058601882,-1.1696757,-1.5882075,0.036530845,-0.022868033,-0.9990708,-0.919924,0.38978013,-0.04255865,0.39039123,0.920624,-0.006797857,0.0,40.81583494,-96.68554287
278258890151753,3.8498764,9.078813,-0.06703765,-0.1357925,0.13010502,-0.52032506,3.985669,8.948708,0.4532874,-43.8125,-35.0,-1.0,-0.06605161,-1.1696757,-1.5882075,0.04338295,-0.025771128,-0.998726,-0.91962636,0.38959897,-0.050000206,0.39039123,0.920624,-0.006797857,0.0,40.81583494,-96.68554287
278258909952170,3.8498764,9.078813,-0.06703765,-0.1357925,0.13010502,-0.52032506,3.985669,8.948708,0.4532874,-44.75,-34.375,-1.5625,-0.084189855,-1.1696757,-1.5882075,0.060055315,-0.032833144,-0.9976549,-0.9186883,0.38906747,-0.06810614,0.39039123,0.920624,-0.006797857,0.0,40.81583494,-96.68554287
278258929608680,3.8498764,9.078813,-0.06703765,-0.1357925,0.13010502,-0.52032506,3.985669,8.948708,0.4532874,-45.625,-33.25,-1.625,-0.083257124,-1.1696757,-1.5882075,0.059198406,-0.032470237,-0.99771804,-0.9187439,0.38909796,-0.06717557,0.39039123,0.920624,-0.006797857,0.0,40.81583494,-96.68554287
278258949359149,3.8498764,9.078813,-0.06703765,-0.1357925,0.13010502,-0.52032506,3.985669,8.948708,0.4532874,-46.4375,-32.375,-1.625,-0.0807217,-1.1696757,-1.5882075,0.0568688,-0.0314836,-0.9978851,-0.918891,0.389179,-0.06464571,0.39039123,0.920624,-0.006797857,0.0,40.81583494,-96.68554287
278258969228732,3.8498764,9.078813,-0.06703765,-0.1357925,0.13010502,-0.52032506,3.985669,8.948708,0.4532874,-46.8125,-31.375,-1.5,-0.07497635,-1.1696757,-1.5882075,0.051588543,-0.029247127,-0.99824005,-0.9192026,0.38935348,-0.058911473,0.39039123,0.920624,-0.006797857,0.0,40.81583494,-96.68554287
278258988922691,3.8498764,9.078813,-0.06703765,-0.1357925,0.13010502,-0.52032506,3.985669,8.948708,0.4532874,-47.4375,-30.4375,-1.4375,-0.07114288,-1.1696757,-1.5882075,0.04806444,-0.027754344,-0.9984586,-0.91939366,0.38946277,-0.05508433,0.39039123,0.920624,-0.006797857,0.0,40.81583494,-96.68554287
278259008572951,3.8498764,9.078813,-0.06703765,-0.1357925,0.13010502,-0.52032506,3.985669,8.948708,0.4532874,-48.0625,-29.375,-1.25,-0.0636243,-1.1696757,-1.5882075,0.041150603,-0.024825377,-0.9988445,-0.919729,0.38966042,-0.047575846,0.39039123,0.920624,-0.006797857,0.0,40.81583494,-96.68554287
278259028650295,3.8498764,9.078813,-0.06703765,-0.1357925,0.13010502,-0.52032506,3.985669,8.948708,0.4532874,-48.5625,-28.5625,-1.0,-0.054975394,-1.1696757,-1.5882075,0.033194512,-0.021454353,-0.9992186,-0.9200505,0.3898605,-0.038935255,0.39039123,0.920624,-0.006797857,0.0,40.81583494,-96.68554287
278259031606701,5.861006,7.795521,0.5554548,-0.1357925,0.13010502,-0.52032506,3.985669,8.948708,0.4532874,-48.5625,-28.5625,-1.0,0.16572131,-0.92396814,-1.4763073,-0.037997875,0.09941679,-0.99432003,-0.79911953,0.5944016,0.08996937,0.59997,0.7979993,0.0568599,0.0,40.81583494,-96.68554287
278259031606701,5.861006,7.795521,0.5554548,-0.1357925,0.13010502,-0.52032506,5.870738,7.8548427,0.07920973,-48.5625,-28.5625,-1.0,0.16572131,-0.92396814,-1.4763073,-0.037997875,0.09941679,-0.99432003,-0.79911953,0.5944016,0.08996937,0.59997,0.7979993,0.0568599,0.0,40.81583494,-96.68554287
278259031606701,5.861006,7.795521,0.5554548,-0.009732246,-0.05932188,0.47624505,5.870738,7.8548427,0.07920973,-48.5625,-28.5625,-1.0,0.16572131,-0.92396814,-1.4763073,-0.037997875,0.09941679,-0.99432003,-0.79911953,0.5944016,0.08996937,0.59997,0.7979993,0.0568599,0.0,40.81583494,-96.68554287
278259048313420,5.861006,7.795521,0.5554548,-0.009732246,-0.05932188,0.47624505,5.870738,7.8548427,0.07920973,-49.375,-27.375,-0.75,0.17003186,-0.92396814,-1.4763073,-0.041442174,0.10197807,-0.99392307,-0.7989484,0.5939676,0.09425461,0.59997,0.7979993,0.0568599,0.0,40.81583494,-96.68554287
1477463171000,5.861006,7.795521,0.5554548,-0.009732246,-0.05932188,0.47624505,5.870738,7.8548427,0.07920973,-49.375,-27.375,-0.75,0.17003186,-0.92396814,-1.4763073,-0.041442174,0.10197807,-0.99392307,-0.7989484,0.5939676,0.09425461,0.59997,0.7979993,0.0568599,0.0,40.81583499,-96.68554286
278259068195139,5.861006,7.795521,0.5554548,-0.009732246,-0.05932188,0.47624505,5.870738,7.8548427,0.07920973,-50.0625,-26.375,-0.4375,0.17744753,-0.92396814,-1.4763073,-0.04736571,0.10637989,-0.9931968,-0.7986191,0.593195,0.10162255,0.59997,0.7979993,0.0568599,0.0,40.81583499,-96.68554286
278259087622795,5.861006,7.795521,0.5554548,-0.009732246,-0.05932188,0.47624505,5.870738,7.8548427,0.07920973,-50.75,-25.1875,-0.3125,0.17608818,-0.92396814,-1.4763073,-0.04628008,0.10557344,-0.99333394,-0.7986827,0.5933391,0.100272365,0.59997,0.7979993,0.0568599,0.0,40.81583499,-96.68554286
278259107504357,5.861006,7.795521,0.5554548,-0.009732246,-0.05932188,0.47624505,5.870738,7.8548427,0.07920973,-51.375,-24.1875,0.0625,0.18500614,-0.92396814,-1.4763073,-0.053400762,0.110860534,-0.9924002,-0.7982383,0.59237397,0.10912676,0.59997,0.7979993,0.0568599,0.0,40.81583499,-96.68554286
278259127261389,5.861006,7.795521,0.5554548,-0.009732246,-0.05932188,0.47624505,5.870738,7.8548427,0.07920973,-52.1875,-23.125,-0.375,0.16368473,-0.92396814,-1.4763073,-0.03637033,0.098206036,-0.99450123,-0.7991953,0.5946028,0.08794417,0.59997,0.7979993,0.0568599,0.0,40.81583499,-96.68554286
278259146887170,5.861006,7.795521,0.5554548,-0.009732246,-0.05932188,0.47624505,5.870738,7.8548427,0.07920973,-52.875,-22.1875,-0.4375,0.15751006,-0.92396814,-1.4763073,-0.031434916,0.09453272,-0.9950253,-0.7994046,0.5951979,0.08180184,0.59997,0.7979993,0.0568599,0.0,40.81583499,-96.68554286
278259166700139,5.861006,7.795521,0.5554548,-0.009732246,-0.05932188,0.47624505,5.870738,7.8548427,0.07920973,-53.375,-21.3125,-0.625,0.14798872,-0.92396814,-1.4763073,-0.023822201,0.08886145,-0.99575907,-0.7996677,0.59607106,0.072324306,0.59997,0.7979993,0.0568599,0.0,40.81583499,-96.68554286
278259186501961,5.861006,7.795521,0.5554548,-0.009732246,-0.05932188,0.47624505,5.870738,7.8548427,0.07920973,-54.125,-20.5,-0.8125,0.13906193,-0.92396814,-1.4763073,-0.016682895,0.083536975,-0.996365,-0.7998485,0.5968405,0.06343261,0.59997,0.7979993,0.0568599,0.0,40.81583499,-96.68554286
278259206551545,5.861006,7.795521,0.5554548,-0.009732246,-0.05932188,0.47624505,5.870738,7.8548427,0.07920973,-53.875,-19.9375,-0.875,0.13568678,-0.92396814,-1.4763073,-0.0139831975,0.081522085,-0.99657345,-0.7999003,0.5971191,0.060069386,0.59997,0.7979993,0.0568599,0.0,40.81583499,-96.68554286
278259226010711,5.861006,7.795521,0.5554548,-0.009732246,-0.05932188,0.47624505,5.870738,7.8548427,0.07920973,-54.0,-19.1875,-0.9375,0.1317357,-0.92396814,-1.4763073,-0.010822622,0.07916218,-0.996803,-0.7999493,0.5974365,0.056131378,0.59997,0.7979993,0.0568599,0.0,40.81583499,-96.68554286
278259229107066,6.483498,6.9719152,0.5267244,-0.009732246,-0.05932188,0.47624505,5.870738,7.8548427,0.07920973,-54.0,-19.1875,-0.9375,0.12989579,-0.82004076,-1.4897336,-0.014106682,0.08836481,-0.99598825,-0.73312163,0.67644423,0.070398204,0.6799513,0.73117363,0.05523977,0.0,40.81583499,-96.68554286
278259229107066,6.483498,6.9719152,0.5267244,-0.009732246,-0.05932188,0.47624505,6.660438,7.189726,0.3417834,-54.0,-19.1875,-0.9375,0.12989579,-0.82004076,-1.4897336,-0.014106682,0.08836481,-0.99598825,-0.73312163,0.67644423,0.070398204,0.6799513,0.73117363,0.05523977,0.0,40.81583499,-96.68554286
278259229107066,6.483498,6.9719152,0.5267244,-0.17693996,-0.21781063,0.184941,6.660438,7.189726,0.3417834,-54.0,-19.1875,-0.9375,0.12989579,-0.82004076,-1.4897336,-0.014106682,0.08836481,-0.99598825,-0.73312163,0.67644423,0.070398204,0.6799513,0.73117363,0.05523977,0.0,40.81583499,-96.68554286
278259245893107,6.483498,6.9719152,0.5267244,-0.17693996,-0.21781063,0.184941,6.660438,7.189726,0.3417834,-53.8125,-18.75,-0.8125,0.13320847,-0.82004076,-1.4897336,-0.016535198,0.09060517,-0.99574965,-0.7330709,0.6761479,0.0736972,0.6799513,0.73117363,0.05523977,0.0,40.81583499,-96.68554286
278259265627691,6.483498,6.9719152,0.5267244,-0.17693996,-0.21781063,0.184941,6.660438,7.189726,0.3417834,-53.6875,-18.3125,-0.875,0.1294996,-0.82004076,-1.4897336,-0.013816226,0.088096805,-0.996016,-0.73312706,0.6764792,0.0700036,0.6799513,0.73117363,0.05523977,0.0,40.81583499,-96.68554286
278259286393159,6.483498,6.9719152,0.5267244,-0.17693996,-0.21781063,0.184941,6.660438,7.189726,0.3417834,-53.6875,-18.0625,-0.625,0.13787594,-0.82004076,-1.4897336,-0.01995659,0.093760066,-0.9953947,-0.7329857,0.67571753,0.07834401,0.6799513,0.73117363,0.05523977,0.0,40.81583499,-96.68554286
278259305047743,6.483498,6.9719152,0.5267244,-0.17693996,-0.21781063,0.184941,6.660438,7.189726,0.3417834,-53.375,-17.8125,-0.625,0.13723965,-0.82004076,-1.4897336,-0.019490205,0.09333009,-0.9954444,-0.7329982,0.6757771,0.07771064,0.6799513,0.73117363,0.05523977,0.0,40.81583499,-96.68554286
278259324799826,6.483498,6.9719152,0.5267244,-0.17693996,-0.21781063,0.184941,6.660438,7.189726,0.3417834,-53.1875,-17.5625,-0.4375,0.14340436,-0.82004076,-1.4897336,-0.024008539,0.097494274,-0.9949464,-0.73286414,0.6751889,0.08384577,0.6799513,0.73117363,0.05523977,0.0,40.81583499,-96.68554286
278259344560034,6.483498,6.9719152,0.5267244,-0.17693996,-0.21781063,0.184941,6.660438,7.189726,0.3417834,-52.875,-17.5,-0.375,0.14576818,-0.82004076,-1.4897336,-0.025740823,0.09909002,-0.9947455,-0.73280543,0.67495656,0.0861974,0.6799513,0.73117363,0.05523977,0.0,40.81583499,-96.68554286
278259365090034,6.483498,6.9719152,0.5267244,-0.17693996,-0.21781063,0.184941,6.660438,7.189726,0.3417834,-53.0625,-17.375,-0.4375,0.14284098,-0.82004076,-1.4897336,-0.023595646,0.09711388,-0.9949936,-0.7328777,0.6752438,0.08328522,0.6799513,0.73117363,0.05523977,0.0,40.81583499,-96.68554286
278259384095295,6.483498,6.9719152,0.5267244,-0.17693996,-0.21781063,0.184941,6.660438,7.189726,0.3417834,-52.9375,-17.4375,-0.5625,0.13856468,-0.82004076,-1.4897336,-0.02046143,0.094225444,-0.9953406,-0.7329718,0.67565286,0.079029575,0.6799513,0.73117363,0.05523977,0.0,40.81583499,-96.68554286
278259405484253,6.483498,6.9719152,0.5267244,-0.17693996,-0.21781063,0.184941,6.660438,7.189726,0.3417834,-53.1875,-17.25,-0.5625,0.1377297,-0.82004076,-1.4897336,-0.019849414,0.09366126,-0.9954063,-0.73298866,0.67573136,0.07819846,0.6799513,0.73117363,0.05523977,0.0,40.81583499,-96.68554286
278259424558836,6.483498,6.9719152,0.5267244,-0.17693996,-0.21781063,0.184941,6.660438,7.189726,0.3417834,-53.3125,-17.25,-0.8125,0.128543,-0.82004076,-1.4897336,-0.013114925,0.08744965,-0.9960826,-0.73314005,0.6765632,0.06905079,0.6799513,0.73117363,0.05523977,0.0,40.81583499,-96.68554286
278259426543888,6.6175733,7.335834,0.18195933,-0.17693996,-0.21781063,0.184941,6.660438,7.189726,0.3417834,-53.3125,-17.25,-0.8125,0.023302883,-0.83664054,-1.5433068,0.010186654,0.015610603,-0.99982625,-0.7425551,0.6697788,0.0028920025,0.6697076,0.7423966,0.018414536,0.0,40.81583499,-96.68554286
278259426543888,6.6175733,7.335834,0.18195933,-0.17693996,-0.21781063,0.184941,6.546877,7.293059,0.34652913,-53.3125,-17.25,-0.8125,0.023302883,-0.83664054,-1.5433068,0.010186654,0.015610603,-0.99982625,-0.7425551,0.6697788,0.0028920025,0.6697076,0.7423966,0.018414536,0.0,40.81583499,-96.68554286
278259426543888,6.6175733,7.335834,0.18195933,0.070696354,0.042775154,-0.1645698,6.546877,7.293059,0.34652913,-53.3125,-17.25,-0.8125,0.023302883,-0.83664054,-1.5433068,0.010186654,0.015610603,-0.99982625,-0.7425551,0.6697788,0.0028920025,0.6697076,0.7423966,0.018414536,0.0,40.81583499,-96.68554286
278259443578732,6.6175733,7.335834,0.18195933,0.070696354,0.042775154,-0.1645698,6.546877,7.293059,0.34652913,-53.25,-17.4375,-0.625,0.0301139,-0.83664054,-1.5433068,0.0051289,0.020172082,-0.9997834,-0.74260724,0.669657,0.009701719,0.6697076,0.7423966,0.018414536,0.0,40.81583499,-96.68554286
278259464646024,6.6175733,7.335834,0.18195933,0.070696354,0.042775154,-0.1645698,6.546877,7.293059,0.34652913,-53.3125,-17.5625,-0.875,0.021232188,-0.83664054,-1.5433068,0.011724235,0.014223663,-0.9998301,-0.7425324,0.6698097,8.2166307E-4,0.6697076,0.7423966,0.018414536,0.0,40.81583499,-96.68554286
278259482827430,6.6175733,7.335834,0.18195933,0.070696354,0.042775154,-0.1645698,6.546877,7.293059,0.34652913,-53.375,-17.75,-1.0625,0.014597435,-0.83664054,-1.5433068,0.016650459,0.00977936,-0.99981356,-0.74243826,0.66988933,-0.0058119325,0.6697076,0.7423966,0.018414536,0.0,40.81583499,-96.68554286
278259502615972,6.6175733,7.335834,0.18195933,0.070696354,0.042775154,-0.1645698,6.546877,7.293059,0.34652913,-53.375,-17.875,-1.1875,0.010123384,-0.83664054,-1.5433068,0.019971985,0.0067821536,-0.9997775,-0.7423563,0.66992635,-0.010285074,0.6697076,0.7423966,0.018414536,0.0,40.81583499,-96.68554286
278259523108003,6.6175733,7.335834,0.18195933,0.070696354,0.042775154,-0.1645698,6.546877,7.293059,0.34652913,-53.25,-18.0625,-1.3125,0.005524973,-0.83664054,-1.5433068,0.023385424,0.003701496,-0.9997197,-0.7422567,0.6699505,-0.014882339,0.6697076,0.7423966,0.018414536,0.0,40.81583499,-96.68554286
278259542123211,6.6175733,7.335834,0.18195933,0.070696354,0.042775154,-0.1645698,6.546877,7.293059,0.34652913,-53.0625,-18.5625,-1.0625,0.014699134,-0.83664054,-1.5433068,0.016574955,0.009847488,-0.99981415,-0.7424399,0.6698884,-0.005710252,0.6697076,0.7423966,0.018414536,0.0,40.81583499,-96.68554286
278259562053784,6.6175733,7.335834,0.18195933,0.070696354,0.042775154,-0.1645698,6.546877,7.293059,0.34652913,-52.875,-19.125,-1.125,0.0124286655,-0.83664054,-1.5433068,0.018260598,0.008326503,-0.9997986,-0.74240035,0.669909,-0.007980283,0.6697076,0.7423966,0.018414536,0.0,40.81583499,-96.68554286
278259581660607,6.6175733,7.335834,0.18195933,0.070696354,0.042775154,-0.1645698,6.546877,7.293059,0.34652913,-52.625,-19.5,-0.8125,0.024383865,-0.83664054,-1.5433068,0.00938396,0.016334614,-0.9998226,-0.7425657,0.6697616,0.003972795,0.6697076,0.7423966,0.018414536,0.0,40.81583499,-96.68554286
278259601420503,6.6175733,7.335834,0.18195933,0.070696354,0.042775154,-0.1645698,6.546877,7.293059,0.34652913,-52.4375,-19.6875,-0.75,0.026861284,-0.83664054,-1.5433068,0.0075442856,0.017993841,-0.9998096,-0.7425866,0.66971904,0.00644976,0.6697076,0.7423966,0.018414536,0.0,40.81583499,-96.68554286
278259621144513,6.6175733,7.335834,0.18195933,0.070696354,0.042775154,-0.1645698,6.546877,7.293059,0.34652913,-52.25,-19.75,-0.25,0.046396684,-0.83664054,-1.5433068,-0.006962962,0.031072808,-0.99949294,-0.74259233,0.6692398,0.025978975,0.6697076,0.7423966,0.018414536,0.0,40.81583499,-96.68554286
278259624322326,6.5218053,8.054094,0.1436521,0.070696354,0.042775154,-0.1645698,6.546877,7.293059,0.34652913,-52.25,-19.75,-0.25,0.0319655,-0.89001966,-1.5487734,-0.002819784,0.020115554,-0.9997937,-0.77720267,0.62907517,0.014848803,0.6292441,0.7770841,0.013860002,0.0,40.81583499,-96.68554286
278259624322326,6.5218053,8.054094,0.1436521,0.070696354,0.042775154,-0.1645698,6.055537,7.701967,0.42495093,-52.25,-19.75,-0.25,0.0319655,-0.89001966,-1.5487734,-0.002819784,0.020115554,-0.9997937,-0.77720267,0.62907517,0.014848803,0.6292441,0.7770841,0.013860002,0.0,40.81583499,-96.68554286
278259624322326,6.5218053,8.054094,0.1436521,0.46626806,0.35212755,-0.28129882,6.055537,7.701967,0.42495093,-52.25,-19.75,-0.25,0.0319655,-0.89001966,-1.5487734,-0.002819784,0.020115554,-0.9997937,-0.77720267,0.62907517,0.014848803,0.6292441,0.7770841,0.013860002,0.0,40.81583499,-96.68554286
278259644612274,6.5218053,8.054094,0.1436521,0.46626806,0.35212755,-0.28129882,6.055537,7.701967,0.42495093,-51.9375,-20.1875,0.1875,0.048122488,-0.89001966,-1.5487734,-0.015376129,0.030276448,-0.99942327,-0.77705556,0.62866807,0.03099982,0.6292441,0.7770841,0.013860002,0.0,40.81583499,-96.68554286
278259662323680,6.5218053,8.054094,0.1436521,0.46626806,0.35212755,-0.28129882,6.055537,7.701967,0.42495093,-51.4375,-20.5625,0.6875,0.06728771,-0.89001966,-1.5487734,-0.030264834,0.042318713,-0.99864566,-0.7766182,0.62797236,0.050147124,0.6292441,0.7770841,0.013860002,0.0,40.81583499,-96.68554286
278259680630763,6.5218053,8.054094,0.1436521,0.46626806,0.35212755,-0.28129882,6.055537,7.701967,0.42495093,-51.125,-21.375,1.0625,0.08317148,-0.89001966,-1.5487734,-0.04259612,0.052287526,-0.9977232,-0.7760396,0.62722105,0.066002384,0.6292441,0.7770841,0.013860002,0.0,40.81583499,-96.68554286
278259700150711,6.5218053,8.054094,0.1436521,0.46626806,0.35212755,-0.28129882,6.055537,7.701967,0.42495093,-50.75,-21.9375,1.125,0.087364,-0.89001966,-1.5487734,-0.045849305,0.05491669,-0.99743766,-0.7758541,0.6269963,0.07018477,0.6292441,0.7770841,0.013860002,0.0,40.81583499,-96.68554286
278259719930711,6.5218053,8.054094,0.1436521,0.46626806,0.35212755,-0.28129882,6.055537,7.701967,0.42495093,-50.25,-22.625,1.375,0.09981608,-0.89001966,-1.5487734,-0.05550648,0.062719636,-0.9964864,-0.775223,0.62626386,0.08259916,0.6292441,0.7770841,0.013860002,0.0,40.81583499,-96.68554286
278259739637013,6.5218053,8.054094,0.1436521,0.46626806,0.35212755,-0.28129882,6.055537,7.701967,0.42495093,-49.6875,-23.625,1.5,0.10897838,-0.89001966,-1.5487734,-0.06260689,0.06845495,-0.9956879,-0.77468204,0.625663,0.09172569,0.6292441,0.7770841,0.013860002,0.0,40.81583499,-96.68554286
278259762454149,6.5218053,8.054094,0.1436521,0.46626806,0.35212755,-0.28129882,6.055537,7.701967,0.42495093,-48.9375,-24.75,2.0,0.13647391,-0.89001966,-1.5487734,-0.08388082,0.08562983,-0.9927897,-0.77266794,0.62354445,0.11906452,0.6292441,0.7770841,0.013860002,0.0,40.81583499,-96.68554286
278259779403992,6.5218053,8.054094,0.1436521,0.46626806,0.35212755,-0.28129882,6.055537,7.701967,0.42495093,-48.0,-26.375,2.25,0.15875547,-0.89001966,-1.5487734,-0.101074845,0.099500984,-0.98989064,-0.77060735,0.62148196,0.14115405,0.6292441,0.7770841,0.013860002,0.0,40.81583499,-96.68554286
278259799143367,6.5218053,8.054094,0.1436521,0.46626806,0.35212755,-0.28129882,6.055537,7.701967,0.42495093,-47.0625,-27.6875,2.5,0.18310763,-0.89001966,-1.5487734,-0.11980897,0.11460441,-0.98616004,-0.7679177,0.61887485,0.16521579,0.6292441,0.7770841,0.013860002,0.0,40.81583499,-96.68554286
278259818439722,6.5218053,8.054094,0.1436521,0.46626806,0.35212755,-0.28129882,6.055537,7.701967,0.42495093,-46.125,-29.0625,2.875,0.21881232,-0.89001966,-1.5487734,-0.14714503,0.1366234,-0.97963375,-0.7631514,0.6143893,0.20031354,0.6292441,0.7770841,0.013860002,0.0,40.81583499,-96.68554286
278259821643367,3.5051112,9.404425,-0.5363012,0.46626806,0.35212755,-0.28129882,6.055537,7.701967,0.42495093,-46.125,-29.0625,2.875,-0.1253223,-1.210233,-1.7226243,-0.034447484,-0.044098247,-0.9984332,-0.9365852,0.3500346,0.016853498,0.3487429,0.9356982,-0.05335957,0.0,40.81583499,-96.68554286
278259821643367,3.5051112,9.404425,-0.5363012,0.46626806,0.35212755,-0.28129882,3.3879998,9.198694,0.27543607,-46.125,-29.0625,2.875,-0.1253223,-1.210233,-1.7226243,-0.034447484,-0.044098247,-0.9984332,-0.9365852,0.3500346,0.016853498,0.3487429,0.9356982,-0.05335957,0.0,40.81583499,-96.68554286
278259821643367,3.5051112,9.404425,-0.5363012,0.117111444,0.20573044,-0.8117373,3.3879998,9.198694,0.27543607,-46.125,-29.0625,2.875,-0.1253223,-1.210233,-1.7226243,-0.034447484,-0.044098247,-0.9984332,-0.9365852,0.3500346,0.016853498,0.3487429,0.9356982,-0.05335957,0.0,40.81583499,-96.68554286
278259838408888,3.5051112,9.404425,-0.5363012,0.117111444,0.20573044,-0.8117373,3.3879998,9.198694,0.27543607,-44.5625,-30.5625,2.9375,-0.12371144,-1.210233,-1.7226243,-0.035956148,-0.043534327,-0.9984046,-0.9365284,0.35010514,0.018461816,0.3487429,0.9356982,-0.05335957,0.0,40.81583499,-96.68554286
278259858139097,3.5051112,9.404425,-0.5363012,0.117111444,0.20573044,-0.8117373,3.3879998,9.198694,0.27543607,-43.0,-32.0625,3.25,-0.11330547,-1.210233,-1.7226243,-0.045699507,-0.039888863,-0.99815863,-0.9361037,0.35053927,0.02884999,0.3487429,0.9356982,-0.05335957,0.0,40.81583499,-96.68554286
278259881427222,3.5051112,9.404425,-0.5363012,0.117111444,0.20573044,-0.8117373,3.3879998,9.198694,0.27543607,-41.5,-33.5625,3.5625,-0.10151176,-1.210233,-1.7226243,-0.056736216,-0.035752017,-0.99774885,-0.93549955,0.35098523,0.040619712,0.3487429,0.9356982,-0.05335957,0.0,40.81583499,-96.68554286
278259897774097,3.5051112,9.404425,-0.5363012,0.117111444,0.20573044,-0.8117373,3.3879998,9.198694,0.27543607,-39.75,-35.1875,3.625,-0.09736694,-1.210233,-1.7226243,-0.06061319,-0.03429694,-0.9975718,-0.93525624,0.3511304,0.044754837,0.3487429,0.9356982,-0.05335957,0.0,40.81583499,-96.68554286
278259916998992,3.5051112,9.404425,-0.5363012,0.117111444,0.20573044,-0.8117373,3.3879998,9.198694,0.27543607,-38.0,-36.9375,3.625,-0.095341034,-1.210233,-1.7226243,-0.062507816,-0.033585515,-0.99747914,-0.9351316,0.35119915,0.04677574,0.3487429,0.9356982,-0.05335957,0.0,40.81583499,-96.68554286
278259937142951,3.5051112,9.404425,-0.5363012,0.117111444,0.20573044,-0.8117373,3.3879998,9.198694,0.27543607,-36.125,-38.25,3.625,-0.09177724,-1.210233,-1.7226243,-0.06584001,-0.03233371,-0.9973062,-0.93490297,0.35131666,0.05033023,0.3487429,0.9356982,-0.05335957,0.0,40.81583499,-96.68554286
278259956934097,3.5051112,9.404425,-0.5363012,0.117111444,0.20573044,-0.8117373,3.3879998,9.198694,0.27543607,-34.0,-39.6875,3.5625,-0.090051785,-1.210233,-1.7226243,-0.06745307,-0.031727474,-0.9972178,-0.9347878,0.35137188,0.052050985,0.3487429,0.9356982,-0.05335957,0.0,40.81583499,-96.68554286
278259976642274,3.5051112,9.404425,-0.5363012,0.117111444,0.20573044,-0.8117373,3.3879998,9.198694,0.27543607,-31.9375,-41.125,3.375,-0.09605057,-1.210233,-1.7226243,-0.06184426,-0.0338347,-0.99751216,-0.9351758,0.35117528,0.046067953,0.3487429,0.9356982,-0.05335957,0.0,40.81583499,-96.68554286
