timestamp, accx, accy, accz, laccx, laccy, laccz, gravx, gravy, gravz, magfieldx, magfieldy, magfieldz, anglex, angley, anglez, rot0, rot1, rot2, rot3, rot4, rot5, rot6, rot7, rot8, speedgps, latgps, longps, altgps, accgps
1477641313024,0.0,0.0,0.0,0.0,0.0,0.0,0.0,0.0,0.0,-6.3125,-42.3125,-66.875,0.0,-0.0,-0.0,0.0,0.0,0.0,0.0,0.0,0.0,0.0,0.0,0.0,0.0,0.0,0.0,0.0,0.0
1477641313044,0.0,0.0,0.0,0.0,0.0,0.0,0.0,0.0,0.0,-5.25,-42.3125,-66.3125,0.0,-0.0,-0.0,0.0,0.0,0.0,0.0,0.0,0.0,0.0,0.0,0.0,0.0,0.0,0.0,0.0,0.0
1477641313064,0.0,0.0,0.0,0.0,0.0,0.0,0.0,0.0,0.0,-5.125,-41.6875,-65.75,0.0,-0.0,-0.0,0.0,0.0,0.0,0.0,0.0,0.0,0.0,0.0,0.0,0.0,0.0,0.0,0.0,0.0
1477641313067,-1.1013328,6.895301,8.264784,0.0,0.0,0.0,0.0,0.0,0.0,-5.125,-41.6875,-65.75,0.9928339,-0.6909823,0.13247563,0.6120382,0.64545435,-0.4569441,-0.78425,0.42100412,-0.45574942,-0.101790085,0.6372945,0.7638682,0.0,0.0,0.0,0.0,0.0
1477641313067,-1.1013328,6.895301,8.264784,0.0,0.0,0.0,-0.8775076,6.65298,7.151099,-5.125,-41.6875,-65.75,0.9928339,-0.6909823,0.13247563,0.6120382,0.64545435,-0.4569441,-0.78425,0.42100412,-0.45574942,-0.101790085,0.6372945,0.7638682,0.0,0.0,0.0,0.0,0.0
1477641313067,-1.1013328,6.895301,8.264784,-0.22382516,0.24232101,1.1136847,-0.8775076,6.65298,7.151099,-5.125,-41.6875,-65.75,0.9928339,-0.6909823,0.13247563,0.6120382,0.64545435,-0.4569441,-0.78425,0.42100412,-0.45574942,-0.101790085,0.6372945,0.7638682,0.0,0.0,0.0,0.0,0.0
1477641313083,-1.1013328,6.895301,8.264784,-0.22382516,0.24232101,1.1136847,-0.8775076,6.65298,7.151099,-4.8125,-41.9375,-65.75,0.99097496,-0.6909823,0.13247563,0.613495,0.6446706,-0.4560961,-0.7831109,0.42220327,-0.45659804,-0.101790085,0.6372945,0.7638682,0.0,0.0,0.0,0.0,0.0
1477641313103,-1.1013328,6.895301,8.264784,-0.22382516,0.24232101,1.1136847,-0.8775076,6.65298,7.151099,-4.25,-42.0625,-65.4375,0.9830792,-0.6909823,0.13247563,0.61965907,0.64131695,-0.4524767,-0.7782425,0.42728022,-0.460185,-0.101790085,0.6372945,0.7638682,0.0,0.0,0.0,0.0,0.0
1477641313124,-1.1013328,6.895301,8.264784,-0.22382516,0.24232101,1.1136847,-0.8775076,6.65298,7.151099,-4.5,-42.4375,-65.0625,1.0199715,-0.6909823,0.13247563,0.5905327,0.6566403,-0.46914226,-0.80056834,0.40333515,-0.4431827,-0.101790085,0.6372945,0.7638682,0.0,0.0,0.0,0.0,0.0
1477641313144,-1.1013328,6.895301,8.264784,-0.22382516,0.24232101,1.1136847,-0.8775076,6.65298,7.151099,-3.5625,-42.4375,-64.875,0.9878393,-0.6909823,0.13247563,0.6159476,0.64334357,-0.4546621,-0.78118336,0.4242227,-0.458026,-0.101790085,0.6372945,0.7638682,0.0,0.0,0.0,0.0,0.0
1477641313163,-1.1013328,6.895301,8.264784,-0.22382516,0.24232101,1.1136847,-0.8775076,6.65298,7.151099,-3.9375,-42.375,-64.75,1.0046169,-0.6909823,0.13247563,0.6027551,0.6503701,-0.46228233,-0.791407,0.41336975,-0.45033374,-0.101790085,0.6372945,0.7638682,0.0,0.0,0.0,0.0,0.0
1477641313183,-1.1013328,6.895301,8.264784,-0.22382516,0.24232101,1.1136847,-0.8775076,6.65298,7.151099,-3.625,-42.6875,-64.5625,1.0117197,-0.6909823,0.13247563,0.59711874,0.65328985,-0.46546936,-0.79566836,0.40873986,-0.4470389,-0.101790085,0.6372945,0.7638682,0.0,0.0,0.0,0.0,0.0
1477641313203,-1.1013328,6.895301,8.264784,-0.22382516,0.24232101,1.1136847,-0.8775076,6.65298,7.151099,-3.75,-42.25,-64.875,0.9874903,-0.6909823,0.13247563,0.6162202,0.6431955,-0.45450225,-0.7809684,0.42444718,-0.45818466,-0.101790085,0.6372945,0.7638682,0.0,0.0,0.0,0.0,0.0
1477641313222,-1.1013328,6.895301,8.264784,-0.22382516,0.24232101,1.1136847,-0.8775076,6.65298,7.151099,-3.5,-42.6875,-65.0625,0.9904104,-0.6909823,0.13247563,0.6139371,0.6444322,-0.4558383,-0.7827645,0.4225672,-0.45685554,-0.101790085,0.6372945,0.7638682,0.0,0.0,0.0,0.0,0.0
1477641313243,-1.1013328,6.895301,8.264784,-0.22382516,0.24232101,1.1136847,-0.8775076,6.65298,7.151099,-3.4375,-42.625,-65.0625,0.98494995,-0.6909823,0.13247563,0.61820215,0.6421152,-0.45333683,-0.7794004,0.42607978,-0.45933777,-0.101790085,0.6372945,0.7638682,0.0,0.0,0.0,0.0,0.0
1477641313262,-1.1013328,6.895301,8.264784,-0.22382516,0.24232101,1.1136847,-0.8775076,6.65298,7.151099,-4.375,-42.4375,-65.0625,1.0151218,-0.6909823,0.13247563,0.5944084,0.65467656,-0.4669875,-0.79769516,0.40651497,-0.44545275,-0.101790085,0.6372945,0.7638682,0.0,0.0,0.0,0.0,0.0
1477641313265,-1.4173675,7.699753,6.83784,-0.22382516,0.24232101,1.1136847,-0.8775076,6.65298,7.151099,-4.375,-42.4375,-65.0625,0.7703615,-0.83416164,0.20438845,0.80742085,0.46783718,-0.35944372,-0.5740026,0.4821225,-0.6618752,-0.13635394,0.74073356,0.65781564,0.0,0.0,0.0,0.0,0.0
1477641313265,-1.4173675,7.699753,6.83784,-0.22382516,0.24232101,1.1136847,-0.86466515,6.4917145,7.299342,-4.375,-42.4375,-65.0625,0.7703615,-0.83416164,0.20438845,0.80742085,0.46783718,-0.35944372,-0.5740026,0.4821225,-0.6618752,-0.13635394,0.74073356,0.65781564,0.0,0.0,0.0,0.0,0.0
1477641313265,-1.4173675,7.699753,6.83784,-0.5527023,1.2080383,-0.46150208,-0.86466515,6.4917145,7.299342,-4.375,-42.4375,-65.0625,0.7703615,-0.83416164,0.20438845,0.80742085,0.46783718,-0.35944372,-0.5740026,0.4821225,-0.6618752,-0.13635394,0.74073356,0.65781564,0.0,0.0,0.0,0.0,0.0
1477641313282,-1.4173675,7.699753,6.83784,-0.5527023,1.2080383,-0.46150208,-0.86466515,6.4917145,7.299342,-3.75,-42.125,-64.875,0.74682313,-0.83416164,0.20438845,0.8207071,0.4563603,-0.34376615,-0.5548401,0.4930001,-0.6701518,-0.13635394,0.74073356,0.65781564,0.0,0.0,0.0,0.0,0.0
1477641313302,-1.4173675,7.699753,6.83784,-0.5527023,1.2080383,-0.46150208,-0.86466515,6.4917145,7.299342,-3.6875,-41.5625,-64.5625,0.73874307,-0.83416164,0.20438845,0.8251633,0.45236194,-0.33834007,-0.5481906,0.49667132,-0.6729075,-0.13635394,0.74073356,0.65781564,0.0,0.0,0.0,0.0,0.0
1477641313322,-1.4173675,7.699753,6.83784,-0.5527023,1.2080383,-0.46150208,-0.86466515,6.4917145,7.299342,-3.0625,-40.9375,-64.375,0.7089517,-0.83416164,0.20438845,0.84112614,0.43736687,-0.3181461,-0.52336824,0.5099254,-0.6826871,-0.13635394,0.74073356,0.65781564,0.0,0.0,0.0,0.0,0.0
1477641313342,-1.4173675,7.699753,6.83784,-0.5527023,1.2080383,-0.46150208,-0.86466515,6.4917145,7.299342,-3.4375,-39.8125,-64.25,0.7035557,-0.83416164,0.20438845,0.84393805,0.434609,-0.3144577,-0.51882195,0.5122781,-0.6843939,-0.13635394,0.74073356,0.65781564,0.0,0.0,0.0,0.0,0.0
1477641313362,-1.4173675,7.699753,6.83784,-0.5527023,1.2080383,-0.46150208,-0.86466515,6.4917145,7.299342,-3.1875,-39.5625,-64.375,0.6894496,-0.83416164,0.20438845,0.8511724,0.4273398,-0.3047727,-0.50686616,0.5183576,-0.6887614,-0.13635394,0.74073356,0.65781564,0.0,0.0,0.0,0.0,0.0
1477641313382,-1.4173675,7.699753,6.83784,-0.5527023,1.2080383,-0.46150208,-0.86466515,6.4917145,7.299342,-2.9375,-38.3125,-64.3125,0.6613796,-0.83416164,0.20438845,0.8650629,0.41262302,-0.28532153,-0.48277712,0.5301472,-0.6970439,-0.13635394,0.74073356,0.65781564,0.0,0.0,0.0,0.0,0.0
1477641313401,-1.4173675,7.699753,6.83784,-0.5527023,1.2080383,-0.46150208,-0.86466515,6.4917145,7.299342,-3.0625,-36.6875,-63.9375,0.6442589,-0.83416164,0.20438845,0.8732012,0.4034865,-0.27334645,-0.4678966,0.5371335,-0.70182645,-0.13635394,0.74073356,0.65781564,0.0,0.0,0.0,0.0,0.0
1477641313407,-1.4173675,7.699753,6.83784,-0.5527023,1.2080383,-0.46150208,-0.86466515,6.4917145,7.299342,-3.0625,-36.6875,-63.9375,0.6442589,-0.83416164,0.20438845,0.8732012,0.4034865,-0.27334645,-0.4678966,0.5371335,-0.70182645,-0.13635394,0.74073356,0.65781564,0.0,40.81844194,-96.65135991,344.0,3.0
1477641313423,-1.4173675,7.699753,6.83784,-0.5527023,1.2080383,-0.46150208,-0.86466515,6.4917145,7.299342,-2.0,-34.9375,-63.875,0.58444655,-0.83416164,0.20438845,0.899609,0.3706569,-0.23090477,-0.4148628,0.5602921,-0.71691114,-0.13635394,0.74073356,0.65781564,0.0,40.81844194,-96.65135991,344.0,3.0
1477641313441,-1.4173675,7.699753,6.83784,-0.5527023,1.2080383,-0.46150208,-0.86466515,6.4917145,7.299342,-2.0,-33.0625,-63.8125,0.5601918,-0.83416164,0.20438845,0.9094059,0.35695952,-0.21345012,-0.39292324,0.56911665,-0.7223003,-0.13635394,0.74073356,0.65781564,0.0,40.81844194,-96.65135991,344.0,3.0
1477641313461,-1.4173675,7.699753,6.83784,-0.5527023,1.2080383,-0.46150208,-0.86466515,6.4917145,7.299342,-2.375,-32.1875,-63.875,0.56072557,-0.83416164,0.20438845,0.90919596,0.3572632,-0.2138356,-0.39340854,0.568926,-0.7221862,-0.13635394,0.74073356,0.65781564,0.0,40.81844194,-96.65135991,344.0,3.0
1477641313464,2.1068976,5.0757074,10.802638,-0.5527023,1.2080383,-0.46150208,-0.86466515,6.4917145,7.299342,-2.375,-32.1875,-63.875,-1.8449932,-0.43210304,-0.19261745,-0.1885944,-0.87416357,0.4475155,0.9665474,-0.24588628,-0.07297936,0.17383383,0.41878146,0.8912934,0.0,40.81844194,-96.65135991,344.0,3.0
1477641313464,2.1068976,5.0757074,10.802638,-0.5527023,1.2080383,-0.46150208,0.06509316,6.060585,7.7094398,-2.375,-32.1875,-63.875,-1.8449932,-0.43210304,-0.19261745,-0.1885944,-0.87416357,0.4475155,0.9665474,-0.24588628,-0.07297936,0.17383383,0.41878146,0.8912934,0.0,40.81844194,-96.65135991,344.0,3.0
1477641313464,2.1068976,5.0757074,10.802638,2.0418043,-0.9848776,3.0931983,0.06509316,6.060585,7.7094398,-2.375,-32.1875,-63.875,-1.8449932,-0.43210304,-0.19261745,-0.1885944,-0.87416357,0.4475155,0.9665474,-0.24588628,-0.07297936,0.17383383,0.41878146,0.8912934,0.0,40.81844194,-96.65135991,344.0,3.0
1477641313481,2.1068976,5.0757074,10.802638,2.0418043,-0.9848776,3.0931983,0.06509316,6.060585,7.7094398,-3.3125,-31.75,-64.0,-1.816801,-0.43210304,-0.19261745,-0.16127394,-0.8807474,0.44528046,0.97147954,-0.22114721,-0.08556516,0.17383383,0.41878146,0.8912934,0.0,40.81844194,-96.65135991,344.0,3.0
1477641313501,2.1068976,5.0757074,10.802638,2.0418043,-0.9848776,3.0931983,0.06509316,6.060585,7.7094398,-4.375,-32.0,-64.25,-1.8504523,-0.43210304,-0.19261745,-0.19386798,-0.87280834,0.44790724,0.9655036,-0.2506547,-0.07053531,0.17383383,0.41878146,0.8912934,0.0,40.81844194,-96.65135991,344.0,3.0
1477641313520,2.1068976,5.0757074,10.802638,2.0418043,-0.9848776,3.0931983,0.06509316,6.060585,7.7094398,-5.8125,-31.9375,-64.0625,-1.895,-0.43210304,-0.19261745,-0.23667242,-0.86078,0.45060396,0.9559121,-0.28927478,-0.05051867,0.17383383,0.41878146,0.8912934,0.0,40.81844194,-96.65135991,344.0,3.0
1477641313540,2.1068976,5.0757074,10.802638,2.0418043,-0.9848776,3.0931983,0.06509316,6.060585,7.7094398,-7.875,-32.5625,-64.0,-2.0978882,-0.43210304,-0.19261745,-0.42443347,-0.78483564,0.45154104,0.88861585,-0.45678788,0.04131387,0.17383383,0.41878146,0.8912934,0.0,40.81844194,-96.65135991,344.0,3.0
1477641313560,2.1068976,5.0757074,10.802638,2.0418043,-0.9848776,3.0931983,0.06509316,6.060585,7.7094398,-7.875,-32.6875,-63.9375,-2.1217554,-0.43210304,-0.19261745,-0.4455193,-0.7737109,0.4504265,0.87823373,-0.47538778,0.052078083,0.17383383,0.41878146,0.8912934,0.0,40.81844194,-96.65135991,344.0,3.0
1477641313580,2.1068976,5.0757074,10.802638,2.0418043,-0.9848776,3.0931983,0.06509316,6.060585,7.7094398,-8.1875,-32.6875,-63.75,-2.1662064,-0.43210304,-0.19261745,-0.48410475,-0.7518221,0.44766736,0.85756886,-0.5092991,0.07204197,0.17383383,0.41878146,0.8912934,0.0,40.81844194,-96.65135991,344.0,3.0
1477641313601,2.1068976,5.0757074,10.802638,2.0418043,-0.9848776,3.0931983,0.06509316,6.060585,7.7094398,-8.0625,-32.625,-63.8125,-2.1396713,-0.43210304,-0.19261745,-0.4611814,-0.76507014,0.44942123,0.8701113,-0.48917255,0.06013915,0.17383383,0.41878146,0.8912934,0.0,40.81844194,-96.65135991,344.0,3.0
1477641313620,2.1068976,5.0757074,10.802638,2.0418043,-0.9848776,3.0931983,0.06509316,6.060585,7.7094398,-8.0,-31.1875,-63.5625,-1.9162458,-0.43210304,-0.19261745,-0.25692663,-0.8544403,0.45157555,0.95066845,-0.30749613,-0.040934525,0.17383383,0.41878146,0.8912934,0.0,40.81844194,-96.65135991,344.0,3.0
1477641313639,2.1068976,5.0757074,10.802638,2.0418043,-0.9848776,3.0931983,0.06509316,6.060585,7.7094398,-7.125,-30.5,-63.625,-1.7562938,-0.43210304,-0.19261745,-0.102233194,-0.8925085,0.43929142,0.97945404,-0.16748348,-0.11233482,0.17383383,0.41878146,0.8912934,0.0,40.81844194,-96.65135991,344.0,3.0
1477641313661,2.1068976,5.0757074,10.802638,2.0418043,-0.9848776,3.0931983,0.06509316,6.060585,7.7094398,-6.0625,-29.6875,-63.5625,-1.6264381,-0.43210304,-0.19261745,0.025458014,-0.9066817,0.42104658,0.9844459,-0.050501585,-0.1682733,0.17383383,0.41878146,0.8912934,0.0,40.81844194,-96.65135991,344.0,3.0
1477641313663,-1.436521,5.5258174,7.747637,2.0418043,-0.9848776,3.0931983,0.06509316,6.060585,7.7094398,-6.0625,-29.6875,-63.5625,1.0132381,-0.61158025,0.18333213,0.6090695,0.694743,-0.38257882,-0.77894485,0.43320918,-0.45340347,-0.14926223,0.574162,0.805021,0.0,40.81844194,-96.65135991,344.0,3.0
1477641313663,-1.436521,5.5258174,7.747637,2.0418043,-0.9848776,3.0931983,-0.47346032,5.7378817,7.9386992,-6.0625,-29.6875,-63.5625,1.0132381,-0.61158025,0.18333213,0.6090695,0.694743,-0.38257882,-0.77894485,0.43320918,-0.45340347,-0.14926223,0.574162,0.805021,0.0,40.81844194,-96.65135991,344.0,3.0
1477641313662,-1.436521,5.5258174,7.747637,-0.96306074,-0.21206427,-0.19106245,-0.47346032,5.7378817,7.9386992,-6.0625,-29.6875,-63.5625,1.0132381,-0.61158025,0.18333213,0.6090695,0.694743,-0.38257882,-0.77894485,0.43320918,-0.45340347,-0.14926223,0.574162,0.805021,0.0,40.81844194,-96.65135991,344.0,3.0
1477641313680,-1.436521,5.5258174,7.747637,-0.96306074,-0.21206427,-0.19106245,-0.47346032,5.7378817,7.9386992,-5.3125,-29.1875,-63.8125,0.96921545,-0.61158025,0.18333213,0.64275956,0.675005,-0.3622546,-0.75138605,0.46336403,-0.4698009,-0.14926223,0.574162,0.805021,0.0,40.81844194,-96.65135991,344.0,3.0
1477641313700,-1.436521,5.5258174,7.747637,-0.96306074,-0.21206427,-0.19106245,-0.47346032,5.7378817,7.9386992,-4.125,-28.25,-64.0,0.8964231,-0.61158025,0.18333213,0.69570434,0.6395179,-0.32712752,-0.70264953,0.5112288,-0.49490285,-0.14926223,0.574162,0.805021,0.0,40.81844194,-96.65135991,344.0,3.0
1477641313720,-1.436521,5.5258174,7.747637,-0.96306074,-0.21206427,-0.19106245,-0.47346032,5.7378817,7.9386992,-5.0,-28.0625,-64.5,0.91184604,-0.61158025,0.18333213,0.68478507,0.64732623,-0.33472118,-0.71329534,0.50130516,-0.48979893,-0.14926223,0.574162,0.805021,0.0,40.81844194,-96.65135991,344.0,3.0
1477641313740,-1.436521,5.5258174,7.747637,-0.96306074,-0.21206427,-0.19106245,-0.47346032,5.7378817,7.9386992,-5.3125,-28.25,-64.875,0.9216503,-0.61158025,0.18333213,0.67775893,0.65220994,-0.33950713,-0.7199748,0.4949346,-0.48649377,-0.14926223,0.574162,0.805021,0.0,40.81844194,-96.65135991,344.0,3.0
1477641313759,-1.436521,5.5258174,7.747637,-0.96306074,-0.21206427,-0.19106245,-0.47346032,5.7378817,7.9386992,-6.0625,-28.625,-65.0,0.9541996,-0.61158025,0.18333213,0.65396935,0.6679714,-0.35515952,-0.7416501,0.47344714,-0.47518724,-0.14926223,0.574162,0.805021,0.0,40.81844194,-96.65135991,344.0,3.0
1477641313779,-1.436521,5.5258174,7.747637,-0.96306074,-0.21206427,-0.19106245,-0.47346032,5.7378817,7.9386992,-6.25,-29.6875,-65.625,0.98223686,-0.61158025,0.18333213,0.6329212,0.6809813,-0.36834115,-0.7596917,0.45453545,-0.4650441,-0.14926223,0.574162,0.805021,0.0,40.81844194,-96.65135991,344.0,3.0
1477641313798,-1.436521,5.5258174,7.747637,-0.96306074,-0.21206427,-0.19106245,-0.47346032,5.7378817,7.9386992,-7.0,-29.875,-65.75,1.0071625,-0.61158025,0.18333213,0.61379087,0.69209814,-0.37981698,-0.77523,0.4374222,-0.4557195,-0.14926223,0.574162,0.805021,0.0,40.81844194,-96.65135991,344.0,3.0
1477641313818,-1.436521,5.5258174,7.747637,-0.96306074,-0.21206427,-0.19106245,-0.47346032,5.7378817,7.9386992,-7.8125,-30.625,-65.75,1.0521188,-0.61158025,0.18333213,0.57833093,0.7110571,-0.39991388,-0.8020313,0.40587652,-0.43818963,-0.14926223,0.574162,0.805021,0.0,40.81844194,-96.65135991,344.0,3.0
1477641313838,-1.436521,5.5258174,7.747637,-0.96306074,-0.21206427,-0.19106245,-0.47346032,5.7378817,7.9386992,-7.6875,-30.625,-65.3125,1.0567116,-0.61158025,0.18333213,0.5746413,0.71291375,-0.40192208,-0.8046789,0.40260652,-0.4363483,-0.14926223,0.574162,0.805021,0.0,40.81844194,-96.65135991,344.0,3.0
1477641313858,-1.436521,5.5258174,7.747637,-0.96306074,-0.21206427,-0.19106245,-0.47346032,5.7378817,7.9386992,-8.1875,-31.4375,-65.0625,1.1000082,-0.61158025,0.18333213,0.53927374,0.72967166,-0.420432,-0.82879704,0.37137204,-0.41854292,-0.14926223,0.574162,0.805021,0.0,40.81844194,-96.65135991,344.0,3.0
1477641313861,-2.2888567,7.3166804,8.63828,-0.96306074,-0.21206427,-0.19106245,-0.47346032,5.7378817,7.9386992,-8.1875,-31.4375,-65.0625,1.0472322,-0.68607146,0.25901464,0.62381476,0.6700925,-0.40228266,-0.75602996,0.38684723,-0.5279849,-0.19817679,0.6335024,0.7479309,0.0,40.81844194,-96.65135991,344.0,3.0
1477641313861,-2.2888567,7.3166804,8.63828,-0.96306074,-0.21206427,-0.19106245,0.124643885,6.2404737,7.563818,-8.1875,-31.4375,-65.0625,1.0472322,-0.68607146,0.25901464,0.62381476,0.6700925,-0.40228266,-0.75602996,0.38684723,-0.5279849,-0.19817679,0.6335024,0.7479309,0.0,40.81844194,-96.65135991,344.0,3.0
1477641313861,-2.2888567,7.3166804,8.63828,-2.4135005,1.0762067,1.0744619,0.124643885,6.2404737,7.563818,-8.1875,-31.4375,-65.0625,1.0472322,-0.68607146,0.25901464,0.62381476,0.6700925,-0.40228266,-0.75602996,0.38684723,-0.5279849,-0.19817679,0.6335024,0.7479309,0.0,40.81844194,-96.65135991,344.0,3.0
1477641313878,-2.2888567,7.3166804,8.63828,-2.4135005,1.0762067,1.0744619,0.124643885,6.2404737,7.563818,-8.0625,-32.25,-65.0,1.0648266,-0.68607146,0.25901464,0.6104169,0.6767948,-0.4115095,-0.766888,0.374998,-0.5208256,-0.19817679,0.6335024,0.7479309,0.0,40.81844194,-96.65135991,344.0,3.0
1477641313898,-2.2888567,7.3166804,8.63828,-2.4135005,1.0762067,1.0744619,0.124643885,6.2404737,7.563818,-9.1875,-32.8125,-64.6875,1.1068674,-0.68607146,0.25901464,0.5776464,0.69195735,-0.43303537,-0.7918652,0.34622198,-0.5030703,-0.19817679,0.6335024,0.7479309,0.0,40.81844194,-96.65135991,344.0,3.0
1477641313937,-2.2888567,7.3166804,8.63828,-2.4135005,1.0762067,1.0744619,0.124643885,6.2404737,7.563818,-11.375,-34.625,-65.0625,1.1858737,-0.68607146,0.25901464,0.5133472,0.71712416,-0.47138903,-0.8349854,0.29052988,-0.46732408,-0.19817679,0.6335024,0.7479309,0.0,40.81844194,-96.65135991,344.0,3.0
1477641313958,-2.2888567,7.3166804,8.63828,-2.4135005,1.0762067,1.0744619,0.124643885,6.2404737,7.563818,-12.6875,-35.5625,-64.875,1.2327484,-0.68607146,0.25901464,0.47365794,0.72994995,-0.49276882,-0.85812235,0.25660807,-0.4447226,-0.19817679,0.6335024,0.7479309,0.0,40.81844194,-96.65135991,344.0,3.0
1477641313976,-2.2888567,7.3166804,8.63828,-2.4135005,1.0762067,1.0744619,0.124643885,6.2404737,7.563818,-13.1875,-35.5625,-65.125,1.2363962,-0.68607146,0.25901464,0.47052467,0.73088115,-0.49438778,-0.85984445,0.25394374,-0.44292217,-0.19817679,0.6335024,0.7479309,0.0,40.81844194,-96.65135991,344.0,3.0
1477641313997,-2.2888567,7.3166804,8.63828,-2.4135005,1.0762067,1.0744619,0.124643885,6.2404737,7.563818,-14.1875,-35.375,-65.125,1.2467973,-0.68607146,0.25901464,0.46155602,0.7334829,-0.4989679,-0.8646919,0.24632816,-0.43775612,-0.19817679,0.6335024,0.7479309,0.0,40.81844194,-96.65135991,344.0,3.0
1477641314017,-2.2888567,7.3166804,8.63828,-2.4135005,1.0762067,1.0744619,0.124643885,6.2404737,7.563818,-14.4375,-35.4375,-65.375,1.2479244,-0.68607146,0.25901464,0.46058103,0.73376006,-0.49946097,-0.8652116,0.24550122,-0.4371934,-0.19817679,0.6335024,0.7479309,0.0,40.81844194,-96.65135991,344.0,3.0
1477641314037,-2.2888567,7.3166804,8.63828,-2.4135005,1.0762067,1.0744619,0.124643885,6.2404737,7.563818,-14.75,-34.9375,-65.75,1.235467,-0.68607146,0.25901464,0.47132343,0.7306449,-0.49397606,-0.85940695,0.25462276,-0.44338137,-0.19817679,0.6335024,0.7479309,0.0,40.81844194,-96.65135991,344.0,3.0
1477641314057,-2.2888567,7.3166804,8.63828,-2.4135005,1.0762067,1.0744619,0.124643885,6.2404737,7.563818,-14.875,-34.9375,-66.5625,1.2252147,-0.68607146,0.25901464,0.4801093,0.72799605,-0.4894045,-0.8545297,0.26209995,-0.4484223,-0.19817679,0.6335024,0.7479309,0.0,40.81844194,-96.65135991,344.0,3.0
1477641314059,0.8619126,3.6774938,9.662998,-2.4135005,1.0762067,1.0744619,0.124643885,6.2404737,7.563818,-14.875,-34.9375,-66.5625,2.3447137,-0.36233398,-0.08896179,-0.7187003,0.6687432,-0.19040081,-0.6903393,-0.6535613,0.31030533,0.08307601,0.35445765,0.9313744,0.0,40.81844194,-96.65135991,344.0,3.0
1477641314060,0.8619126,3.6774938,9.662998,-2.4135005,1.0762067,1.0744619,0.31803012,5.5037117,8.110388,-14.875,-34.9375,-66.5625,2.3447137,-0.36233398,-0.08896179,-0.7187003,0.6687432,-0.19040081,-0.6903393,-0.6535613,0.31030533,0.08307601,0.35445765,0.9313744,0.0,40.81844194,-96.65135991,344.0,3.0
1477641314060,0.8619126,3.6774938,9.662998,0.5438825,-1.8262179,1.5526104,0.31803012,5.5037117,8.110388,-14.875,-34.9375,-66.5625,2.3447137,-0.36233398,-0.08896179,-0.7187003,0.6687432,-0.19040081,-0.6903393,-0.6535613,0.31030533,0.08307601,0.35445765,0.9313744,0.0,40.81844194,-96.65135991,344.0,3.0
1477641314077,0.8619126,3.6774938,9.662998,0.5438825,-1.8262179,1.5526104,0.31803012,5.5037117,8.110388,-14.875,-33.6875,-66.9375,2.2660778,-0.36233398,-0.08896179,-0.6622498,0.7180171,-0.2141884,-0.7446634,-0.5990086,0.29438952,0.08307601,0.35445765,0.9313744,0.0,40.81844194,-96.65135991,344.0,3.0
1477641314097,0.8619126,3.6774938,9.662998,0.5438825,-1.8262179,1.5526104,0.31803012,5.5037117,8.110388,-15.4375,-32.0,-67.0625,2.119632,-0.36233398,-0.08896179,-0.5464977,0.79774046,-0.25485387,-0.8333299,-0.48782173,0.25998336,0.08307601,0.35445765,0.9313744,0.0,40.81844194,-96.65135991,344.0,3.0
1477641314117,0.8619126,3.6774938,9.662998,0.5438825,-1.8262179,1.5526104,0.31803012,5.5037117,8.110388,-15.0,-29.75,-67.5,1.9452418,-0.36233398,-0.08896179,-0.39361972,0.8702815,-0.2960974,-0.9155119,-0.3420087,0.21182105,0.08307601,0.35445765,0.9313744,0.0,40.81844194,-96.65135991,344.0,3.0
1477641314137,0.8619126,3.6774938,9.662998,0.5438825,-1.8262179,1.5526104,0.31803012,5.5037117,8.110388,-15.75,-27.375,-67.375,1.7054623,-0.36233398,-0.08896179,-0.164935,0.92660624,-0.33793128,-0.98279965,-0.12554224,0.13544121,0.08307601,0.35445765,0.9313744,0.0,40.81844194,-96.65135991,344.0,3.0
1477641314156,0.8619126,3.6774938,9.662998,0.5438825,-1.8262179,1.5526104,0.31803012,5.5037117,8.110388,-15.9375,-25.8125,-67.5625,1.5486472,-0.36233398,-0.08896179,-0.009424162,0.9348427,-0.35493702,-0.9964987,0.020709328,0.081003465,0.08307601,0.35445765,0.9313744,0.0,40.81844194,-96.65135991,344.0,3.0
1477641314176,0.8619126,3.6774938,9.662998,0.5438825,-1.8262179,1.5526104,0.31803012,5.5037117,8.110388,-16.9375,-23.9375,-67.375,1.3946607,-0.36233398,-0.08896179,0.143529,0.92060477,-0.36316136,-0.986153,0.16384922,0.025605213,0.08307601,0.35445765,0.9313744,0.0,40.81844194,-96.65135991,344.0,3.0
1477641314196,0.8619126,3.6774938,9.662998,0.5438825,-1.8262179,1.5526104,0.31803012,5.5037117,8.110388,-18.875,-23.4375,-66.625,1.4015598,-0.36233398,-0.08896179,0.13672201,0.92171323,-0.3629761,-0.98711973,0.15749398,0.02811009,0.08307601,0.35445765,0.9313744,0.0,40.81844194,-96.65135991,344.0,3.0
1477641314215,0.8619126,3.6774938,9.662998,0.5438825,-1.8262179,1.5526104,0.31803012,5.5037117,8.110388,-20.0,-22.9375,-65.3125,1.4134079,-0.36233398,-0.08896179,0.12501727,0.9235146,-0.36261758,-0.9886704,0.1465627,0.03240858,0.08307601,0.35445765,0.9313744,0.0,40.81844194,-96.65135991,344.0,3.0
1477641314236,0.8619126,3.6774938,9.662998,0.5438825,-1.8262179,1.5526104,0.31803012,5.5037117,8.110388,-21.375,-23.1875,-63.5625,1.479493,-0.36233398,-0.08896179,0.05945548,0.9311772,-0.35968587,-0.994768,0.08525658,0.056284033,0.08307601,0.35445765,0.9313744,0.0,40.81844194,-96.65135991,344.0,3.0
1477641314256,0.8619126,3.6774938,9.662998,0.5438825,-1.8262179,1.5526104,0.31803012,5.5037117,8.110388,-21.8125,-24.4375,-61.5625,1.5971736,-0.36233398,-0.08896179,-0.057750534,0.9347468,-0.3505899,-0.99486846,-0.02466176,0.09812515,0.08307601,0.35445765,0.9313744,0.0,40.81844194,-96.65135991,344.0,3.0
1477641314259,-0.89064306,5.3725886,9.873688,0.5438825,-1.8262179,1.5526104,0.31803012,5.5037117,8.110388,-21.8125,-24.4375,-61.5625,1.3264769,-0.4966276,0.08996023,0.28245157,0.85308427,-0.43871224,-0.9560243,0.2126736,-0.20195942,-0.07898589,0.47646326,0.8756392,0.0,40.81844194,-96.65135991,344.0,3.0
1477641314259,-0.89064306,5.3725886,9.873688,0.5438825,-1.8262179,1.5526104,0.92813283,6.149954,7.5820208,-21.8125,-24.4375,-61.5625,1.3264769,-0.4966276,0.08996023,0.28245157,0.85308427,-0.43871224,-0.9560243,0.2126736,-0.20195942,-0.07898589,0.47646326,0.8756392,0.0,40.81844194,-96.65135991,344.0,3.0
1477641314259,-0.89064306,5.3725886,9.873688,-1.8187759,-0.7773652,2.291667,0.92813283,6.149954,7.5820208,-21.8125,-24.4375,-61.5625,1.3264769,-0.4966276,0.08996023,0.28245157,0.85308427,-0.43871224,-0.9560243,0.2126736,-0.20195942,-0.07898589,0.47646326,0.8756392,0.0,40.81844194,-96.65135991,344.0,3.0
1477641314276,-0.89064306,5.3725886,9.873688,-1.8187759,-0.7773652,2.291667,0.92813283,6.149954,7.5820208,-22.1875,-25.625,-58.75,1.4114358,-0.4966276,0.08996023,0.2003077,0.8680541,-0.45426744,-0.97654396,0.13951656,-0.16400328,-0.07898589,0.47646326,0.8756392,0.0,40.81844194,-96.65135991,344.0,3.0
1477641314295,-0.89064306,5.3725886,9.873688,-1.8187759,-0.7773652,2.291667,0.92813283,6.149954,7.5820208,-22.125,-28.125,-55.75,1.5419252,-0.4966276,0.08996023,0.07153756,0.878828,-0.4717454,-0.9943056,0.025379859,-0.10350003,-0.07898589,0.47646326,0.8756392,0.0,40.81844194,-96.65135991,344.0,3.0
1477641314316,-0.89064306,5.3725886,9.873688,-1.8187759,-0.7773652,2.291667,0.92813283,6.149954,7.5820208,-22.1875,-30.5625,-52.0,1.6877161,-0.4966276,0.08996023,-0.07366914,0.87319183,-0.48177677,-0.9941499,-0.10256116,-0.0338692,-0.07898589,0.47646326,0.8756392,0.0,40.81844194,-96.65135991,344.0,3.0
1477641314335,-0.89064306,5.3725886,9.873688,-1.8187759,-0.7773652,2.291667,0.92813283,6.149954,7.5820208,-22.5,-33.25,-47.4375,1.8513575,-0.4966276,0.08996023,-0.23464394,0.84481806,-0.4808582,-0.96886706,-0.24344444,0.045070507,-0.07898589,0.47646326,0.8756392,0.0,40.81844194,-96.65135991,344.0,3.0
1477641314354,-0.89064306,5.3725886,9.873688,-1.8187759,-0.7773652,2.291667,0.92813283,6.149954,7.5820208,-21.5,-35.625,-42.5625,2.0160744,-0.4966276,0.08996023,-0.39033625,0.79346496,-0.4669594,-0.917278,-0.37867692,0.123308346,-0.07898589,0.47646326,0.8756392,0.0,40.81844194,-96.65135991,344.0,3.0
1477641314374,-0.89064306,5.3725886,9.873688,-1.8187759,-0.7773652,2.291667,0.92813283,6.149954,7.5820208,-21.125,-37.625,-37.3125,2.159272,-0.4966276,0.08996023,-0.51724446,0.7313032,-0.4445828,-0.85218513,-0.4880353,0.18868534,-0.07898589,0.47646326,0.8756392,0.0,40.81844194,-96.65135991,344.0,3.0
1477641314394,-0.89064306,5.3725886,9.873688,-1.8187759,-0.7773652,2.291667,0.92813283,6.149954,7.5820208,-20.4375,-39.875,-31.5625,2.305604,-0.4966276,0.08996023,-0.63597375,0.6523268,-0.41231903,-0.7676578,-0.58945096,0.2514935,-0.07898589,0.47646326,0.8756392,0.0,40.81844194,-96.65135991,344.0,3.0
1477641314414,-0.89064306,5.3725886,9.873688,-1.8187759,-0.7773652,2.291667,0.92813283,6.149954,7.5820208,-19.9375,-41.75,-25.25,2.428442,-0.4966276,0.08996023,-0.7252422,0.5751865,-0.37839687,-0.68394804,-0.6649385,0.30011964,-0.07898589,0.47646326,0.8756392,0.0,40.81844194,-96.65135991,344.0,3.0
1477641314434,-0.89064306,5.3725886,9.873688,-1.8187759,-0.7773652,2.291667,0.92813283,6.149954,7.5820208,-19.4375,-44.3125,-18.4375,2.546474,-0.4966276,0.08996023,-0.80073667,0.49288255,-0.34042254,-0.5937861,-0.728045,0.34259084,-0.07898589,0.47646326,0.8756392,0.0,40.81844194,-96.65135991,344.0,3.0
1477641314453,-0.89064306,5.3725886,9.873688,-1.8187759,-0.7773652,2.291667,0.92813283,6.149954,7.5820208,-19.4375,-44.3125,-18.4375,2.546474,-0.4966276,0.08996023,-0.80073667,0.49288255,-0.34042254,-0.5937861,-0.728045,0.34259084,-0.07898589,0.47646326,0.8756392,0.0,40.81844193,-96.65135988,344.0,3.0
1477641314454,-0.89064306,5.3725886,9.873688,-1.8187759,-0.7773652,2.291667,0.92813283,6.149954,7.5820208,-18.6875,-45.6875,-11.5625,2.6358116,-0.4966276,0.08996023,-0.8505203,0.42596167,-0.3084994,-0.51997733,-0.76911604,0.3715967,-0.07898589,0.47646326,0.8756392,0.0,40.81844193,-96.65135988,344.0,3.0
1477641314456,-3.1124623,10.601525,5.9759274,-1.8187759,-0.7773652,2.291667,0.92813283,6.149954,7.5820208,-18.6875,-45.6875,-11.5625,2.383305,-1.0046406,0.48017505,-0.37581503,0.36886543,-0.8501184,-0.8929553,-0.38942817,0.22577965,-0.24777777,0.8439692,0.4757333,0.0,40.81844193,-96.65135988,344.0,3.0
1477641314457,-3.1124623,10.601525,5.9759274,-1.8187759,-0.7773652,2.291667,-1.479152,9.6931925,0.15657121,-18.6875,-45.6875,-11.5625,2.383305,-1.0046406,0.48017505,-0.37581503,0.36886543,-0.8501184,-0.8929553,-0.38942817,0.22577965,-0.24777777,0.8439692,0.4757333,0.0,40.81844193,-96.65135988,344.0,3.0
1477641314457,-3.1124623,10.601525,5.9759274,-1.6333103,0.9083328,5.819356,-1.479152,9.6931925,0.15657121,-18.6875,-45.6875,-11.5625,2.383305,-1.0046406,0.48017505,-0.37581503,0.36886543,-0.8501184,-0.8929553,-0.38942817,0.22577965,-0.24777777,0.8439692,0.4757333,0.0,40.81844193,-96.65135988,344.0,3.0
1477641314474,-3.1124623,10.601525,5.9759274,-1.6333103,0.9083328,5.819356,-1.479152,9.6931925,0.15657121,-17.9375,-46.9375,-5.0625,2.570182,-1.0046406,0.48017505,-0.5351752,0.29009083,-0.79336935,-0.8075852,-0.45117998,0.37979335,-0.24777777,0.8439692,0.4757333,0.0,40.81844193,-96.65135988,344.0,3.0
1477641314494,-3.1124623,10.601525,5.9759274,-1.6333103,0.9083328,5.819356,-1.479152,9.6931925,0.15657121,-15.875,-47.25,0.875,2.7398412,-1.0046406,0.48017505,-0.6638492,0.2097457,-0.7178517,-0.70562774,-0.49368286,0.508298,-0.24777777,0.8439692,0.4757333,0.0,40.81844193,-96.65135988,344.0,3.0
1477641314515,-3.1124623,10.601525,5.9759274,-1.6333103,0.9083328,5.819356,-1.479152,9.6931925,0.15657121,-13.5625,-46.75,6.25,2.8864028,-1.0046406,0.48017505,-0.75978017,0.13540079,-0.63592505,-0.6011159,-0.5190208,0.60768175,-0.24777777,0.8439692,0.4757333,0.0,40.81844193,-96.65135988,344.0,3.0
1477641314534,-3.1124623,10.601525,5.9759274,-1.6333103,0.9083328,5.819356,-1.479152,9.6931925,0.15657121,-10.625,-46.0,11.375,3.0303774,-1.0046406,0.48017505,-0.83816576,0.05953209,-0.5421569,-0.4858851,-0.5330778,0.6926354,-0.24777777,0.8439692,0.4757333,0.0,40.81844193,-96.65135988,344.0,3.0
1477641314553,-3.1124623,10.601525,5.9759274,-1.6333103,0.9083328,5.819356,-1.479152,9.6931925,0.15657121,-7.4375,-44.375,15.75,-3.1239529,-1.0046406,0.48017505,-0.89365274,-0.009461284,-0.44865948,-0.37415376,-0.5363082,0.7565597,-0.24777777,0.8439692,0.4757333,0.0,40.81844193,-96.65135988,344.0,3.0
1477641314573,-3.1124623,10.601525,5.9759274,-1.6333103,0.9083328,5.819356,-1.479152,9.6931925,0.15657121,-3.875,-42.625,19.125,-3.0029757,-1.0046406,0.48017505,-0.9322749,-0.07411507,-0.35407683,-0.26357093,-0.5312466,0.80517536,-0.24777777,0.8439692,0.4757333,0.0,40.81844193,-96.65135988,344.0,3.0
1477641314594,-3.1124623,10.601525,5.9759274,-1.6333103,0.9083328,5.819356,-1.479152,9.6931925,0.15657121,-0.4375,-40.25,21.8125,-2.8925157,-1.0046406,0.48017505,-0.955648,-0.13222563,-0.26316,-0.1591948,-0.5198388,0.8393001,-0.24777777,0.8439692,0.4757333,0.0,40.81844193,-96.65135988,344.0,3.0
1477641314614,-3.1124623,10.601525,5.9759274,-1.6333103,0.9083328,5.819356,-1.479152,9.6931925,0.15657121,3.125,-37.8125,24.1875,-2.7826743,-1.0046406,0.48017505,-0.96733993,-0.18841386,-0.16956946,-0.05347666,-0.5022114,0.86308986,-0.24777777,0.8439692,0.4757333,0.0,40.81844193,-96.65135988,344.0,3.0
1477641314633,-3.1124623,10.601525,5.9759274,-1.6333103,0.9083328,5.819356,-1.479152,9.6931925,0.15657121,6.5,-34.75,26.1875,-2.677765,-1.0046406,0.48017505,-0.96762145,-0.23996809,-0.07825688,0.04811441,-0.47972006,0.87610143,-0.24777777,0.8439692,0.4757333,0.0,40.81844193,-96.65135988,344.0,3.0
1477641314653,-3.1124623,10.601525,5.9759274,-1.6333103,0.9083328,5.819356,-1.479152,9.6931925,0.15657121,9.0625,-31.625,28.3125,-2.5939338,-1.0046406,0.48017505,-0.9601945,-0.27929375,-0.0046234606,0.12896727,-0.45794213,0.8795774,-0.24777777,0.8439692,0.4757333,0.0,40.81844193,-96.65135988,344.0,3.0
1477641314656,-3.3135753,2.0494366,1.6280571,-1.6333103,0.9083328,5.819356,-1.479152,9.6931925,0.15657121,9.0625,-31.625,28.3125,-2.3621945,-0.5067598,1.1141092,-0.61985075,-0.6145182,-0.48800856,7.772446E-5,-0.6219371,0.7830672,-0.78471977,0.48534685,0.38555592,0.0,40.81844193,-96.65135988,344.0,3.0
1477641314656,-3.3135753,2.0494366,1.6280571,-1.6333103,0.9083328,5.819356,-7.269221,5.8715086,-2.9756093,9.0625,-31.625,28.3125,-2.3621945,-0.5067598,1.1141092,-0.61985075,-0.6145182,-0.48800856,7.772446E-5,-0.6219371,0.7830672,-0.78471977,0.48534685,0.38555592,0.0,40.81844193,-96.65135988,344.0,3.0
1477641314656,-3.3135753,2.0494366,1.6280571,3.9556456,-3.822072,4.6036663,-7.269221,5.8715086,-2.9756093,9.0625,-31.625,28.3125,-2.3621945,-0.5067598,1.1141092,-0.61985075,-0.6145182,-0.48800856,7.772446E-5,-0.6219371,0.7830672,-0.78471977,0.48534685,0.38555592,0.0,40.81844193,-96.65135988,344.0,3.0
1477641314673,-3.3135753,2.0494366,1.6280571,3.9556456,-3.822072,4.6036663,-7.269221,5.8715086,-2.9756093,11.5625,-28.5,30.9375,-2.2494268,-0.5067598,1.1141092,-0.615905,-0.680601,-0.39679125,0.06982836,-0.54883575,0.8330086,-0.78471977,0.48534685,0.38555592,0.0,40.81844193,-96.65135988,344.0,3.0
1477641314693,-3.3135753,2.0494366,1.6280571,3.9556456,-3.822072,4.6036663,-7.269221,5.8715086,-2.9756093,13.3125,-25.5625,33.0625,-2.1574461,-0.5067598,1.1141092,-0.60688764,-0.728135,-0.3186014,0.12610456,-0.48400193,0.86593294,-0.78471977,0.48534685,0.38555592,0.0,40.81844193,-96.65135988,344.0,3.0
1477641314713,-3.3135753,2.0494366,1.6280571,3.9556456,-3.822072,4.6036663,-7.269221,5.8715086,-2.9756093,14.625,-23.3125,35.25,-2.0858243,-0.5067598,1.1141092,-0.5963075,-0.76090384,-0.2558177,0.16921067,-0.43065512,0.8865123,-0.78471977,0.48534685,0.38555592,0.0,40.81844193,-96.65135988,344.0,3.0
1477641314733,-3.3135753,2.0494366,1.6280571,3.9556456,-3.822072,4.6036663,-7.269221,5.8715086,-2.9756093,15.1875,-20.875,37.625,-2.0236156,-0.5067598,1.1141092,-0.58463454,-0.7862051,-0.20020983,0.20595482,-0.38251793,0.9007012,-0.78471977,0.48534685,0.38555592,0.0,40.81844193,-96.65135988,344.0,3.0
1477641314752,-3.3135753,2.0494366,1.6280571,3.9556456,-3.822072,4.6036663,-7.269221,5.8715086,-2.9756093,15.375,-19.1875,39.5,-1.9843221,-0.5067598,1.1141092,-0.5760926,-0.80062485,-0.16467255,0.22876236,-0.35133773,0.9078709,-0.78471977,0.48534685,0.38555592,0.0,40.81844193,-96.65135988,344.0,3.0
1477641314772,-3.3135753,2.0494366,1.6280571,3.9556456,-3.822072,4.6036663,-7.269221,5.8715086,-2.9756093,14.8125,-17.625,41.1875,-1.9586792,-0.5067598,1.1141092,-0.5700378,-0.80937,-0.14134051,0.24345821,-0.33069414,0.91179466,-0.78471977,0.48534685,0.38555592,0.0,40.81844193,-96.65135988,344.0,3.0
1477641314792,-3.3135753,2.0494366,1.6280571,3.9556456,-3.822072,4.6036663,-7.269221,5.8715086,-2.9756093,14.125,-16.5,42.625,-1.943567,-0.5067598,1.1141092,-0.5662936,-0.81427497,-0.12754577,0.25204462,-0.31842554,0.91382647,-0.78471977,0.48534685,0.38555592,0.0,40.81844193,-96.65135988,344.0,3.0
1477641314813,-3.3135753,2.0494366,1.6280571,3.9556456,-3.822072,4.6036663,-7.269221,5.8715086,-2.9756093,13.625,-16.0625,43.5625,-1.9395827,-0.5067598,1.1141092,-0.5652849,-0.81553715,-0.123903796,0.25429887,-0.3151787,0.9143274,-0.78471977,0.48534685,0.38555592,0.0,40.81844193,-96.65135988,344.0,3.0
1477641314831,-3.3135753,2.0494366,1.6280571,3.9556456,-3.822072,4.6036663,-7.269221,5.8715086,-2.9756093,12.6875,-16.125,43.5625,-1.9516498,-0.5067598,1.1141092,-0.5683123,-0.8116746,-0.13492775,0.2474592,-0.32499665,0.9127656,-0.78471977,0.48534685,0.38555592,0.0,40.81844193,-96.65135988,344.0,3.0
1477641314851,-3.3135753,2.0494366,1.6280571,3.9556456,-3.822072,4.6036663,-7.269221,5.8715086,-2.9756093,11.5,-16.875,43.375,-1.978957,-0.5067598,1.1141092,-0.574857,-0.8024983,-0.1597995,0.23184979,-0.34703735,0.90874124,-0.78471977,0.48534685,0.38555592,0.0,40.81844193,-96.65135988,344.0,3.0
1477641314855,-7.642292,14.719552,-4.012682,3.9556456,-3.822072,4.6036663,-7.269221,5.8715086,-2.9756093,11.5,-16.875,43.375,-1.0805955,-1.040429,2.0542924,-0.8926694,-0.4462804,0.063048184,-0.050559834,0.23815583,0.96990997,-0.44786716,0.8626213,-0.23515831,0.0,40.81844193,-96.65135988,344.0,3.0
1477641314855,-7.642292,14.719552,-4.012682,3.9556456,-3.822072,4.6036663,-5.7826314,7.0409293,-3.6272364,11.5,-16.875,43.375,-1.0805955,-1.040429,2.0542924,-0.8926694,-0.4462804,0.063048184,-0.050559834,0.23815583,0.96990997,-0.44786716,0.8626213,-0.23515831,0.0,40.81844193,-96.65135988,344.0,3.0
1477641314854,-7.642292,14.719552,-4.012682,-1.8596606,7.6786227,-0.3854456,-5.7826314,7.0409293,-3.6272364,11.5,-16.875,43.375,-1.0805955,-1.040429,2.0542924,-0.8926694,-0.4462804,0.063048184,-0.050559834,0.23815583,0.96990997,-0.44786716,0.8626213,-0.23515831,0.0,40.81844193,-96.65135988,344.0,3.0
1477641314871,-7.642292,14.719552,-4.012682,-1.8596606,7.6786227,-0.3854456,-5.7826314,7.0409293,-3.6272364,10.1875,-17.4375,43.25,-1.1185267,-1.040429,2.0542924,-0.89011,-0.45499086,0.026221806,-0.0843754,0.22106065,0.97160333,-0.44786716,0.8626213,-0.23515831,0.0,40.81844193,-96.65135988,344.0,3.0
1477641314891,-7.642292,14.719552,-4.012682,-1.8596606,7.6786227,-0.3854456,-5.7826314,7.0409293,-3.6272364,9.1875,-18.25,42.8125,-1.1524471,-1.040429,2.0542924,-0.88673645,-0.4622261,-0.006744182,-0.11451398,0.20550296,0.9719336,-0.44786716,0.8626213,-0.23515831,0.0,40.81844193,-96.65135988,344.0,3.0
1477641314911,-7.642292,14.719552,-4.012682,-1.8596606,7.6786227,-0.3854456,-5.7826314,7.0409293,-3.6272364,8.125,-18.5625,42.1875,-1.1825227,-1.040429,2.0542924,-0.8828919,-0.46819678,-0.035968132,-0.14112724,0.19151042,0.97129136,-0.44786716,0.8626213,-0.23515831,0.0,40.81844193,-96.65135988,344.0,3.0
1477641314931,-7.642292,14.719552,-4.012682,-1.8596606,7.6786227,-0.3854456,-5.7826314,7.0409293,-3.6272364,7.4375,-19.375,41.3125,-1.2113237,-1.040429,2.0542924,-0.87846166,-0.4735175,-0.06392359,-0.16649343,0.17794828,0.9698527,-0.44786716,0.8626213,-0.23515831,0.0,40.81844193,-96.65135988,344.0,3.0
1477641314950,-7.642292,14.719552,-4.012682,-1.8596606,7.6786227,-0.3854456,-5.7826314,7.0409293,-3.6272364,6.6875,-20.875,40.4375,-1.2527378,-1.040429,2.0542924,-0.8708153,-0.48047897,-0.104022786,-0.2027209,0.15819106,0.9663746,-0.44786716,0.8626213,-0.23515831,0.0,40.81844193,-96.65135988,344.0,3.0
1477641314971,-7.642292,14.719552,-4.012682,-1.8596606,7.6786227,-0.3854456,-5.7826314,7.0409293,-3.6272364,5.5,-22.625,39.375,-1.3121891,-1.040429,2.0542924,-0.8572319,-0.48902926,-0.16125743,-0.2541034,0.1293633,0.9584866,-0.44786716,0.8626213,-0.23515831,0.0,40.81844193,-96.65135988,344.0,3.0
1477641314990,-7.642292,14.719552,-4.012682,-1.8596606,7.6786227,-0.3854456,-5.7826314,7.0409293,-3.6272364,4.0625,-24.8125,37.6875,-1.3927569,-1.040429,2.0542924,-0.8340007,-0.49785417,-0.23787406,-0.3222698,0.08958622,0.94239926,-0.44786716,0.8626213,-0.23515831,0.0,40.81844193,-96.65135988,344.0,3.0
1477641315011,-7.642292,14.719552,-4.012682,-1.8596606,7.6786227,-0.3854456,-5.7826314,7.0409293,-3.6272364,2.625,-26.4375,36.125,-1.4697882,-1.040429,2.0542924,-0.80672723,-0.5032719,-0.3096911,-0.3854947,0.051008135,0.92129904,-0.44786716,0.8626213,-0.23515831,0.0,40.81844193,-96.65135988,344.0,3.0
1477641315031,-7.642292,14.719552,-4.012682,-1.8596606,7.6786227,-0.3854456,-5.7826314,7.0409293,-3.6272364,1.0,-28.875,34.1875,-1.5752603,-1.040429,2.0542924,-0.76166064,-0.5058451,-0.40496144,-0.46828204,-0.002258107,0.8835761,-0.44786716,0.8626213,-0.23515831,0.0,40.81844193,-96.65135988,344.0,3.0
1477641315051,-7.642292,14.719552,-4.012682,-1.8596606,7.6786227,-0.3854456,-5.7826314,7.0409293,-3.6272364,-1.0,-30.6875,31.8125,-1.6934636,-1.040429,2.0542924,-0.70112216,-0.5020491,-0.5063341,-0.5548356,-0.061895728,0.8296542,-0.44786716,0.8626213,-0.23515831,0.0,40.81844193,-96.65135988,344.0,3.0
