timestamp, accx, accy, accz, laccx, laccy, laccz, gravx, gravy, gravz, magfieldx, magfieldy, magfieldz, anglex, angley, anglez, rot0, rot1, rot2, rot3, rot4, rot5, rot6, rot7, rot8, speedgps, latgps, longps, altgps, accgps
1477645069389,0.0,0.0,0.0,0.0,0.0,0.0,0.0,0.0,0.0,-25.875,-44.375,-31.375,0.0,-0.0,-0.0,0.0,0.0,0.0,0.0,0.0,0.0,0.0,0.0,0.0,0.0,0.0,0.0,0.0,0.0
1477645069408,0.0,0.0,0.0,0.0,0.0,0.0,0.0,0.0,0.0,-25.75,-44.375,-31.1875,0.0,-0.0,-0.0,0.0,0.0,0.0,0.0,0.0,0.0,0.0,0.0,0.0,0.0,0.0,0.0,0.0,0.0
1477645069429,0.0,0.0,0.0,0.0,0.0,0.0,0.0,0.0,0.0,-25.375,-44.375,-31.125,0.0,-0.0,-0.0,0.0,0.0,0.0,0.0,0.0,0.0,0.0,0.0,0.0,0.0,0.0,0.0,0.0,0.0
1477645069448,0.0,0.0,0.0,0.0,0.0,0.0,0.0,0.0,0.0,-25.3125,-44.4375,-31.0625,0.0,-0.0,-0.0,0.0,0.0,0.0,0.0,0.0,0.0,0.0,0.0,0.0,0.0,0.0,0.0,0.0,0.0
1477645069468,0.0,0.0,0.0,0.0,0.0,0.0,0.0,0.0,0.0,-25.25,-44.375,-30.9375,0.0,-0.0,-0.0,0.0,0.0,0.0,0.0,0.0,0.0,0.0,0.0,0.0,0.0,0.0,0.0,0.0,0.0
1477645069481,-0.2873042,8.925584,4.55856,0.0,0.0,0.0,0.0,0.0,0.0,-25.25,-44.375,-30.9375,1.3582933,-1.0977986,0.06294196,0.2652245,0.4453097,-0.8551931,-0.9637608,0.096080296,-0.24886481,-0.02865472,0.89020663,0.4546549,0.0,0.0,0.0,0.0,0.0
1477645069482,-0.2873042,8.925584,4.55856,0.0,0.0,0.0,-0.4364549,8.549517,4.783897,-25.25,-44.375,-30.9375,1.3582933,-1.0977986,0.06294196,0.2652245,0.4453097,-0.8551931,-0.9637608,0.096080296,-0.24886481,-0.02865472,0.89020663,0.4546549,0.0,0.0,0.0,0.0,0.0
1477645069482,-0.2873042,8.925584,4.55856,0.1491507,0.37606716,-0.22533703,-0.4364549,8.549517,4.783897,-25.25,-44.375,-30.9375,1.3582933,-1.0977986,0.06294196,0.2652245,0.4453097,-0.8551931,-0.9637608,0.096080296,-0.24886481,-0.02865472,0.89020663,0.4546549,0.0,0.0,0.0,0.0,0.0
1477645069488,-0.2873042,8.925584,4.55856,0.1491507,0.37606716,-0.22533703,-0.4364549,8.549517,4.783897,-25.25,-44.25,-30.6875,1.3639978,-1.0977986,0.06294196,0.25972232,0.44585055,-0.8565988,-0.96525806,0.09353843,-0.24398226,-0.02865472,0.89020663,0.4546549,0.0,0.0,0.0,0.0,0.0
1477645069508,-0.2873042,8.925584,4.55856,0.1491507,0.37606716,-0.22533703,-0.4364549,8.549517,4.783897,-25.375,-43.75,-30.4375,1.3648492,-1.0977986,0.06294196,0.25890052,0.44593,-0.8568063,-0.9654789,0.09315884,-0.24325296,-0.02865472,0.89020663,0.4546549,0.0,0.0,0.0,0.0,0.0
1477645069530,-0.2873042,8.925584,4.55856,0.1491507,0.37606716,-0.22533703,-0.4364549,8.549517,4.783897,-25.5,-43.5,-30.625,1.3562912,-1.0977986,0.06294196,0.26715344,0.44511643,-0.8546931,-0.96322787,0.09697163,-0.25057647,-0.02865472,0.89020663,0.4546549,0.0,0.0,0.0,0.0,0.0
1477645069548,-0.2873042,8.925584,4.55856,0.1491507,0.37606716,-0.22533703,-0.4364549,8.549517,4.783897,-25.5625,-43.5625,-30.8125,1.3521752,-1.0977986,0.06294196,0.2711158,0.44471356,-0.8536545,-0.96212006,0.0988029,-0.25409222,-0.02865472,0.89020663,0.4546549,0.0,0.0,0.0,0.0,0.0
1477645069568,-0.2873042,8.925584,4.55856,0.1491507,0.37606716,-0.22533703,-0.4364549,8.549517,4.783897,-25.625,-43.3125,-30.9375,1.3450589,-1.0977986,0.06294196,0.27795562,0.44399914,-0.85182464,-0.96016634,0.10196509,-0.26016062,-0.02865472,0.89020663,0.4546549,0.0,0.0,0.0,0.0,0.0
1477645069588,-0.2873042,8.925584,4.55856,0.1491507,0.37606716,-0.22533703,-0.4364549,8.549517,4.783897,-25.9375,-43.0625,-30.8125,1.347945,-1.0977986,0.06294196,0.2751834,0.44429162,-0.852572,-0.9609646,0.10068327,-0.25770116,-0.02865472,0.89020663,0.4546549,0.0,0.0,0.0,0.0,0.0
1477645069607,-0.2873042,8.925584,4.55856,0.1491507,0.37606716,-0.22533703,-0.4364549,8.549517,4.783897,-26.3125,-43.0,-30.625,1.3561007,-1.0977986,0.06294196,0.2673369,0.44509792,-0.85464543,-0.96317697,0.09705641,-0.25073925,-0.02865472,0.89020663,0.4546549,0.0,0.0,0.0,0.0,0.0
1477645069628,-0.2873042,8.925584,4.55856,0.1491507,0.37606716,-0.22533703,-0.4364549,8.549517,4.783897,-26.5625,-43.125,-30.5625,1.3621528,-1.0977986,0.06294196,0.26150286,0.4456772,-0.8561472,-0.9647773,0.094360895,-0.24556234,-0.02865472,0.89020663,0.4546549,0.0,0.0,0.0,0.0,0.0
1477645069650,-0.2873042,8.925584,4.55856,0.1491507,0.37606716,-0.22533703,-0.4364549,8.549517,4.783897,-26.6875,-43.0625,-30.375,1.3678267,-1.0977986,0.06294196,0.25602457,0.44620544,-0.8575267,-0.9662455,0.09183064,-0.24070066,-0.02865472,0.89020663,0.4546549,0.0,0.0,0.0,0.0,0.0
1477645069667,-0.2873042,8.925584,4.55856,0.1491507,0.37606716,-0.22533703,-0.4364549,8.549517,4.783897,-27.0,-43.0625,-30.3125,1.3723664,-1.0977986,0.06294196,0.25163552,0.44661766,-0.8586106,-0.96739775,0.089804076,-0.2368053,-0.02865472,0.89020663,0.4546549,0.0,0.0,0.0,0.0,0.0
1477645069680,-0.20111294,9.021352,4.951209,0.1491507,0.37606716,-0.22533703,-0.4364549,8.549517,4.783897,-27.0,-43.0625,-30.3125,1.4003841,-1.0685023,0.040596638,0.20450604,0.47446382,-0.8561901,-0.9786703,0.08164632,-0.18851627,-0.019539373,0.87648046,0.48104075,0.0,0.0,0.0,0.0,0.0
1477645069679,-0.20111294,9.021352,4.951209,0.1491507,0.37606716,-0.22533703,-0.11938363,8.663681,4.593123,-27.0,-43.0625,-30.3125,1.4003841,-1.0685023,0.040596638,0.20450604,0.47446382,-0.8561901,-0.9786703,0.08164632,-0.18851627,-0.019539373,0.87648046,0.48104075,0.0,0.0,0.0,0.0,0.0
1477645069679,-0.20111294,9.021352,4.951209,-0.08172931,0.35767078,0.3580861,-0.11938363,8.663681,4.593123,-27.0,-43.0625,-30.3125,1.4003841,-1.0685023,0.040596638,0.20450604,0.47446382,-0.8561901,-0.9786703,0.08164632,-0.18851627,-0.019539373,0.87648046,0.48104075,0.0,0.0,0.0,0.0,0.0
1477645069687,-0.20111294,9.021352,4.951209,-0.08172931,0.35767078,0.3580861,-0.11938363,8.663681,4.593123,-27.25,-43.375,-29.9375,1.418472,-1.0685023,0.040596638,0.1867714,0.47586286,-0.8594597,-0.9822091,0.07305135,-0.17299953,-0.019539373,0.87648046,0.48104075,0.0,0.0,0.0,0.0,0.0
1477645069706,-0.20111294,9.021352,4.951209,-0.08172931,0.35767078,0.3580861,-0.11938363,8.663681,4.593123,-27.3125,-43.4375,-29.6875,1.4273736,-1.0685023,0.040596638,0.17802082,0.4764943,-0.8609656,-0.9838327,0.06881254,-0.16534217,-0.019539373,0.87648046,0.48104075,0.0,0.0,0.0,0.0,0.0
1477645069726,-0.20111294,9.021352,4.951209,-0.08172931,0.35767078,0.3580861,-0.11938363,8.663681,4.593123,-27.75,-43.9375,-29.625,1.4400526,-1.0685023,0.040596638,0.16553289,0.47732845,-0.86299264,-0.9860106,0.06276573,-0.15441304,-0.019539373,0.87648046,0.48104075,0.0,0.0,0.0,0.0,0.0
1477645069746,-0.20111294,9.021352,4.951209,-0.08172931,0.35767078,0.3580861,-0.11938363,8.663681,4.593123,-28.0625,-44.3125,-29.5625,1.4497172,-1.0685023,0.040596638,0.15599601,0.47791275,-0.8644447,-0.9875643,0.058149733,-0.14606556,-0.019539373,0.87648046,0.48104075,0.0,0.0,0.0,0.0,0.0
1477645069766,-0.20111294,9.021352,4.951209,-0.08172931,0.35767078,0.3580861,-0.11938363,8.663681,4.593123,-28.3125,-44.3125,-29.375,1.4564934,-1.0685023,0.040596638,0.14930047,0.47829586,-0.8654146,-0.9885988,0.054909952,-0.14020455,-0.019539373,0.87648046,0.48104075,0.0,0.0,0.0,0.0,0.0
1477645069786,-0.20111294,9.021352,4.951209,-0.08172931,0.35767078,0.3580861,-0.11938363,8.663681,4.593123,-28.4375,-44.4375,-29.5,1.4554961,-1.0685023,0.040596638,0.15028633,0.47824082,-0.8652743,-0.98844934,0.05538693,-0.14106756,-0.019539373,0.87648046,0.48104075,0.0,0.0,0.0,0.0,0.0
1477645069805,-0.20111294,9.021352,4.951209,-0.08172931,0.35767078,0.3580861,-0.11938363,8.663681,4.593123,-28.625,-44.625,-29.625,1.4558191,-1.0685023,0.040596638,0.14996701,0.4782587,-0.8653199,-0.98849785,0.055232435,-0.14078803,-0.019539373,0.87648046,0.48104075,0.0,0.0,0.0,0.0,0.0
1477645069825,-0.20111294,9.021352,4.951209,-0.08172931,0.35767078,0.3580861,-0.11938363,8.663681,4.593123,-28.75,-44.6875,-29.6875,1.4556384,-1.0685023,0.040596638,0.1501457,0.4782487,-0.86529446,-0.9884708,0.055318885,-0.14094445,-0.019539373,0.87648046,0.48104075,0.0,0.0,0.0,0.0,0.0
1477645069845,-0.20111294,9.021352,4.951209,-0.08172931,0.35767078,0.3580861,-0.11938363,8.663681,4.593123,-28.75,-44.875,-29.625,1.4604124,-1.0685023,0.040596638,0.1454251,0.4785074,-0.86595744,-0.98917633,0.05303513,-0.13681199,-0.019539373,0.87648046,0.48104075,0.0,0.0,0.0,0.0,0.0
1477645069867,-0.20111294,9.021352,4.951209,-0.08172931,0.35767078,0.3580861,-0.11938363,8.663681,4.593123,-29.125,-45.0,-29.25,1.474843,-1.0685023,0.040596638,0.13113599,0.47922283,-0.8678414,-0.9911717,0.04612467,-0.124301836,-0.019539373,0.87648046,0.48104075,0.0,0.0,0.0,0.0,0.0
1477645069878,-0.22984336,9.3661175,3.6774938,-0.08172931,0.35767078,0.3580861,-0.11938363,8.663681,4.593123,-29.125,-45.0,-29.25,1.2872664,-1.1959888,0.06241881,0.33493182,0.3514766,-0.87423384,-0.9419656,0.10241327,-0.31970665,-0.022836272,0.9305781,0.36538035,0.0,0.0,0.0,0.0,0.0
1477645069878,-0.22984336,9.3661175,3.6774938,-0.08172931,0.35767078,0.3580861,-0.13284282,8.921589,4.069153,-29.125,-45.0,-29.25,1.2872664,-1.1959888,0.06241881,0.33493182,0.3514766,-0.87423384,-0.9419656,0.10241327,-0.31970665,-0.022836272,0.9305781,0.36538035,0.0,0.0,0.0,0.0,0.0
1477645069878,-0.22984336,9.3661175,3.6774938,-0.09700054,0.44452858,-0.39165902,-0.13284282,8.921589,4.069153,-29.125,-45.0,-29.25,1.2872664,-1.1959888,0.06241881,0.33493182,0.3514766,-0.87423384,-0.9419656,0.10241327,-0.31970665,-0.022836272,0.9305781,0.36538035,0.0,0.0,0.0,0.0,0.0
1477645069885,-0.22984336,9.3661175,3.6774938,-0.09700054,0.44452858,-0.39165902,-0.13284282,8.921589,4.069153,-29.0,-45.0,-28.875,1.2962195,-1.1959888,0.06241881,0.32648504,0.35237947,-0.8770611,-0.94492644,0.09926241,-0.31186688,-0.022836272,0.9305781,0.36538035,0.0,0.0,0.0,0.0,0.0
1477645069905,-0.22984336,9.3661175,3.6774938,-0.09700054,0.44452858,-0.39165902,-0.13284282,8.921589,4.069153,-29.0,-45.125,-28.5,1.3079425,-1.1959888,0.06241881,0.31538552,0.35351887,-0.8806567,-0.94868875,0.09512475,-0.30156392,-0.022836272,0.9305781,0.36538035,0.0,0.0,0.0,0.0,0.0
1477645069925,-0.22984336,9.3661175,3.6774938,-0.09700054,0.44452858,-0.39165902,-0.13284282,8.921589,4.069153,-28.9375,-45.25,-28.375,1.3121866,-1.1959888,0.06241881,0.31135634,0.3539194,-0.8819287,-0.9500187,0.09362353,-0.2978236,-0.022836272,0.9305781,0.36538035,0.0,0.0,0.0,0.0,0.0
1477645069945,-0.22984336,9.3661175,3.6774938,-0.09700054,0.44452858,-0.39165902,-0.13284282,8.921589,4.069153,-28.875,-45.6875,-27.625,1.3375726,-1.1959888,0.06241881,0.28714147,0.35618186,-0.8892044,-0.957616,0.08460974,-0.27534142,-0.022836272,0.9305781,0.36538035,0.0,0.0,0.0,0.0,0.0
1477645069964,-0.22984336,9.3661175,3.6774938,-0.09700054,0.44452858,-0.39165902,-0.13284282,8.921589,4.069153,-28.625,-46.1875,-26.875,1.3625873,-1.1959888,0.06241881,0.2630996,0.35818666,-0.89581305,-0.9644984,0.0756744,-0.2530144,-0.022836272,0.9305781,0.36538035,0.0,0.0,0.0,0.0,0.0
1477645069984,-0.22984336,9.3661175,3.6774938,-0.09700054,0.44452858,-0.39165902,-0.13284282,8.921589,4.069153,-28.1875,-46.6875,-26.125,1.386897,-1.1959888,0.06241881,0.23957755,0.35992023,-0.9016983,-0.9706085,0.06694549,-0.23116486,-0.022836272,0.9305781,0.36538035,0.0,0.0,0.0,0.0,0.0
1477645070005,-0.22984336,9.3661175,3.6774938,-0.09700054,0.44452858,-0.39165902,-0.13284282,8.921589,4.069153,-28.25,-47.0,-25.4375,1.4116772,-1.1959888,0.06241881,0.21545449,0.36146855,-0.9071493,-0.97624683,0.058006927,-0.20875181,-0.022836272,0.9305781,0.36538035,0.0,0.0,0.0,0.0,0.0
1477645070025,-0.22984336,9.3661175,3.6774938,-0.09700054,0.44452858,-0.39165902,-0.13284282,8.921589,4.069153,-27.9375,-47.5625,-24.75,1.4372654,-1.1959888,0.06241881,0.19040635,0.3628344,-0.9121934,-0.9814398,0.048739646,-0.18547377,-0.022836272,0.9305781,0.36538035,0.0,0.0,0.0,0.0,0.0
1477645070044,-0.22984336,9.3661175,3.6774938,-0.09700054,0.44452858,-0.39165902,-0.13284282,8.921589,4.069153,-27.75,-48.0625,-24.1875,1.459687,-1.1959888,0.06241881,0.1683549,0.36383587,-0.9161224,-0.98546195,0.040592752,-0.16497603,-0.022836272,0.9305781,0.36538035,0.0,0.0,0.0,0.0,0.0
1477645070064,-0.22984336,9.3661175,3.6774938,-0.09700054,0.44452858,-0.39165902,-0.13284282,8.921589,4.069153,-27.5625,-48.625,-23.6875,1.4813758,-1.1959888,0.06241881,0.14694348,0.36463058,-0.9194847,-0.9888812,0.032692656,-0.14506918,-0.022836272,0.9305781,0.36538035,0.0,0.0,0.0,0.0,0.0
1477645070077,-0.22026655,9.77792,3.4093432,-0.09700054,0.44452858,-0.39165902,-0.13284282,8.921589,4.069153,-27.5625,-48.625,-23.6875,1.4137002,-1.234652,0.06451707,0.21623975,0.32578793,-0.9203818,-0.97610873,0.051605225,-0.21106583,-0.02126618,0.9440335,0.3291635,0.0,0.0,0.0,0.0,0.0
1477645070077,-0.22026655,9.77792,3.4093432,-0.09700054,0.44452858,-0.39165902,-0.5000027,9.240856,3.2445297,-27.5625,-48.625,-23.6875,1.4137002,-1.234652,0.06451707,0.21623975,0.32578793,-0.9203818,-0.97610873,0.051605225,-0.21106583,-0.02126618,0.9440335,0.3291635,0.0,0.0,0.0,0.0,0.0
1477645070077,-0.22026655,9.77792,3.4093432,0.27973613,0.5370636,0.16481352,-0.5000027,9.240856,3.2445297,-27.5625,-48.625,-23.6875,1.4137002,-1.234652,0.06451707,0.21623975,0.32578793,-0.9203818,-0.97610873,0.051605225,-0.21106583,-0.02126618,0.9440335,0.3291635,0.0,0.0,0.0,0.0,0.0
1477645070084,-0.22026655,9.77792,3.4093432,0.27973613,0.5370636,0.16481352,-0.5000027,9.240856,3.2445297,-27.3125,-48.6875,-22.75,1.4423343,-1.234652,0.06451707,0.18820493,0.32713178,-0.9260474,-0.9818996,0.0422567,-0.1846286,-0.02126618,0.9440335,0.3291635,0.0,0.0,0.0,0.0,0.0
1477645070107,-0.22026655,9.77792,3.4093432,0.27973613,0.5370636,0.16481352,-0.5000027,9.240856,3.2445297,-27.125,-48.875,-22.25,1.4593873,-1.234652,0.06451707,0.17143403,0.3278048,-0.92906106,-0.98496616,0.03667225,-0.16881062,-0.02126618,0.9440335,0.3291635,0.0,0.0,0.0,0.0,0.0
1477645070123,-0.22026655,9.77792,3.4093432,0.27973613,0.5370636,0.16481352,-0.5000027,9.240856,3.2445297,-26.9375,-49.0625,-21.875,1.4726743,-1.234652,0.06451707,0.1583321,0.32826313,-0.93122196,-0.987157,0.032313615,-0.1564517,-0.02126618,0.9440335,0.3291635,0.0,0.0,0.0,0.0,0.0
1477645070143,-0.22026655,9.77792,3.4093432,0.27973613,0.5370636,0.16481352,-0.5000027,9.240856,3.2445297,-27.0,-49.25,-21.125,1.4998072,-1.234652,0.06451707,0.1314927,0.32901898,-0.9351237,-0.9910891,0.02339609,-0.1311305,-0.02126618,0.9440335,0.3291635,0.0,0.0,0.0,0.0,0.0
1477645070164,-0.22026655,9.77792,3.4093432,0.27973613,0.5370636,0.16481352,-0.5000027,9.240856,3.2445297,-26.75,-49.5625,-20.5,1.5231407,-1.234652,0.06451707,0.1083334,0.32947522,-0.93792856,-0.9938872,0.015713243,-0.10927704,-0.02126618,0.9440335,0.3291635,0.0,0.0,0.0,0.0,0.0
1477645070185,-0.22026655,9.77792,3.4093432,0.27973613,0.5370636,0.16481352,-0.5000027,9.240856,3.2445297,-26.25,-49.625,-20.125,1.5347055,-1.234652,0.06451707,0.09683235,0.32963493,-0.93912953,-0.99507356,0.011901977,-0.09842306,-0.02126618,0.9440335,0.3291635,0.0,0.0,0.0,0.0,0.0
1477645070203,-0.22026655,9.77792,3.4093432,0.27973613,0.5370636,0.16481352,-0.5000027,9.240856,3.2445297,-26.1875,-49.8125,-19.25,1.5667663,-1.234652,0.06451707,0.06488519,0.32984707,-0.94180197,-0.99766624,0.0013293065,-0.06826838,-0.02126618,0.9440335,0.3291635,0.0,0.0,0.0,0.0,0.0
1477645070204,-0.22026655,9.77792,3.4093432,0.27973613,0.5370636,0.16481352,-0.5000027,9.240856,3.2445297,-26.1875,-49.8125,-19.25,1.5667663,-1.234652,0.06451707,0.06488519,0.32984707,-0.94180197,-0.99766624,0.0013293065,-0.06826838,-0.02126618,0.9440335,0.3291635,0.0,40.81738589,-96.65111721,342.0,4.0
1477645070222,-0.22026655,9.77792,3.4093432,0.27973613,0.5370636,0.16481352,-0.5000027,9.240856,3.2445297,-26.125,-49.8125,-18.5625,1.5903611,-1.234652,0.06451707,0.041329548,0.32978666,-0.94315046,-0.99891937,-0.006453029,-0.04602978,-0.02126618,0.9440335,0.3291635,0.0,40.81738589,-96.65111721,342.0,4.0
1477645070243,-0.22026655,9.77792,3.4093432,0.27973613,0.5370636,0.16481352,-0.5000027,9.240856,3.2445297,-25.9375,-50.5,-18.1875,1.6115108,-1.234652,0.06451707,0.020195082,0.32957637,-0.9439129,-0.99956995,-0.013425938,-0.026073664,-0.02126618,0.9440335,0.3291635,0.0,40.81738589,-96.65111721,342.0,4.0
1477645070263,-0.22026655,9.77792,3.4093432,0.27973613,0.5370636,0.16481352,-0.5000027,9.240856,3.2445297,-26.0,-50.6875,-17.25,1.6464525,-1.234652,0.06451707,-0.014736927,0.32890615,-0.9442476,-0.99966526,-0.024931397,0.0069175754,-0.02126618,0.9440335,0.3291635,0.0,40.81738589,-96.65111721,342.0,4.0
1477645070275,-0.93852705,10.132261,2.3463178,0.27973613,0.5370636,0.16481352,-0.5000027,9.240856,3.2445297,-26.0,-50.6875,-17.25,1.7677413,-1.3263751,0.38050637,0.17170699,0.23731647,-0.9561368,-0.9810398,-0.04735211,-0.18793212,-0.089874476,0.97027755,0.2246862,0.0,40.81738589,-96.65111721,342.0,4.0
1477645070275,-0.93852705,10.132261,2.3463178,0.27973613,0.5370636,0.16481352,-0.1341317,9.442533,2.6440415,-26.0,-50.6875,-17.25,1.7677413,-1.3263751,0.38050637,0.17170699,0.23731647,-0.9561368,-0.9810398,-0.04735211,-0.18793212,-0.089874476,0.97027755,0.2246862,0.0,40.81738589,-96.65111721,342.0,4.0
1477645070275,-0.93852705,10.132261,2.3463178,-0.8043953,0.68972874,-0.29772377,-0.1341317,9.442533,2.6440415,-26.0,-50.6875,-17.25,1.7677413,-1.3263751,0.38050637,0.17170699,0.23731647,-0.9561368,-0.9810398,-0.04735211,-0.18793212,-0.089874476,0.97027755,0.2246862,0.0,40.81738589,-96.65111721,342.0,4.0
1477645070282,-0.93852705,10.132261,2.3463178,-0.8043953,0.68972874,-0.29772377,-0.1341317,9.442533,2.6440415,-26.125,-50.875,-16.1875,1.802535,-1.3263751,0.38050637,0.13747591,0.23552564,-0.96209574,-0.98641926,-0.05557891,-0.15455753,-0.089874476,0.97027755,0.2246862,0.0,40.81738589,-96.65111721,342.0,4.0
1477645070303,-0.93852705,10.132261,2.3463178,-0.8043953,0.68972874,-0.29772377,-0.1341317,9.442533,2.6440415,-26.0625,-51.25,-15.375,1.8303759,-1.3263751,0.38050637,0.109963425,0.23388717,-0.9660253,-0.9898639,-0.062113754,-0.12771553,-0.089874476,0.97027755,0.2246862,0.0,40.81738589,-96.65111721,342.0,4.0
1477645070323,-0.93852705,10.132261,2.3463178,-0.8043953,0.68972874,-0.29772377,-0.1341317,9.442533,2.6440415,-26.25,-51.0,-14.5,1.8564128,-1.3263751,0.38050637,0.0841561,0.23219085,-0.9690228,-0.99239117,-0.0681817,-0.10252281,-0.089874476,0.97027755,0.2246862,0.0,40.81738589,-96.65111721,342.0,4.0
1477645070342,-0.93852705,10.132261,2.3463178,-0.8043953,0.68972874,-0.29772377,-0.1341317,9.442533,2.6440415,-26.75,-51.375,-13.375,1.8951991,-1.3263751,0.38050637,0.045611225,0.22937237,-0.97226954,-0.9949081,-0.077134,-0.06487027,-0.089874476,0.97027755,0.2246862,0.0,40.81738589,-96.65111721,342.0,4.0
1477645070362,-0.93852705,10.132261,2.3463178,-0.8043953,0.68972874,-0.29772377,-0.1341317,9.442533,2.6440415,-26.8125,-51.3125,-12.5,1.9218825,-1.3263751,0.38050637,0.019050678,0.22723275,-0.97365415,-0.9957709,-0.08322623,-0.038906872,-0.089874476,0.97027755,0.2246862,0.0,40.81738589,-96.65111721,342.0,4.0
1477645070383,-0.93852705,10.132261,2.3463178,-0.8043953,0.68972874,-0.29772377,-0.1341317,9.442533,2.6440415,-27.0625,-51.625,-11.5,1.9549837,-1.3263751,0.38050637,-0.013914933,0.22435388,-0.9744084,-0.9958558,-0.09070094,-0.00666234,-0.089874476,0.97027755,0.2246862,0.0,40.81738589,-96.65111721,342.0,4.0
1477645070402,-0.93852705,10.132261,2.3463178,-0.8043953,0.68972874,-0.29772377,-0.1341317,9.442533,2.6440415,-27.3125,-51.6875,-10.5,1.9857947,-1.3263751,0.38050637,-0.044586837,0.22145325,-0.9741511,-0.9949544,-0.09756936,0.023358611,-0.089874476,0.97027755,0.2246862,0.0,40.81738589,-96.65111721,342.0,4.0
1477645070422,-0.93852705,10.132261,2.3463178,-0.8043953,0.68972874,-0.29772377,-0.1341317,9.442533,2.6440415,-27.125,-51.6875,-9.6875,2.0109382,-1.3263751,0.38050637,-0.06958677,0.21893027,-0.97325593,-0.993519,-0.10310605,0.047842234,-0.089874476,0.97027755,0.2246862,0.0,40.81738589,-96.65111721,342.0,4.0
1477645070441,-0.93852705,10.132261,2.3463178,-0.8043953,0.68972874,-0.29772377,-0.1341317,9.442533,2.6440415,-27.0,-51.5625,-9.0,2.0314472,-1.3263751,0.38050637,-0.08994669,0.21676978,-0.9720702,-0.99188304,-0.10757408,0.06779118,-0.089874476,0.97027755,0.2246862,0.0,40.81738589,-96.65111721,342.0,4.0
1477645070461,-0.93852705,10.132261,2.3463178,-0.8043953,0.68972874,-0.29772377,-0.1341317,9.442533,2.6440415,-26.75,-51.625,-8.5625,2.0460882,-1.3263751,0.38050637,-0.10445883,0.2151716,-0.97097343,-0.9904598,-0.11073619,0.08201562,-0.089874476,0.97027755,0.2246862,0.0,40.81738589,-96.65111721,342.0,4.0
1477645070474,-0.7757214,7.881712,1.2641385,-0.8043953,0.68972874,-0.29772377,-0.1341317,9.442533,2.6440415,-26.75,-51.625,-8.5625,2.1046562,-1.3847929,0.55038595,0.008759231,0.15919913,-0.9872076,-0.99527276,-0.09410481,-0.024006328,-0.09672278,0.9827512,0.15762231,0.0,40.81738589,-96.65111721,342.0,4.0
1477645070474,-0.7757214,7.881712,1.2641385,-0.8043953,0.68972874,-0.29772377,-0.39507017,9.620179,1.8618407,-26.75,-51.625,-8.5625,2.1046562,-1.3847929,0.55038595,0.008759231,0.15919913,-0.9872076,-0.99527276,-0.09410481,-0.024006328,-0.09672278,0.9827512,0.15762231,0.0,40.81738589,-96.65111721,342.0,4.0
1477645070474,-0.7757214,7.881712,1.2641385,-0.3806512,-1.7384672,-0.59770226,-0.39507017,9.620179,1.8618407,-26.75,-51.625,-8.5625,2.1046562,-1.3847929,0.55038595,0.008759231,0.15919913,-0.9872076,-0.99527276,-0.09410481,-0.024006328,-0.09672278,0.9827512,0.15762231,0.0,40.81738589,-96.65111721,342.0,4.0
1477645070481,-0.7757214,7.881712,1.2641385,-0.3806512,-1.7384672,-0.59770226,-0.39507017,9.620179,1.8618407,-26.375,-51.875,-8.25,2.115668,-1.3847929,0.55038595,-0.0022009169,0.15815324,-0.9874121,-0.9953089,-0.09585216,-0.013134067,-0.09672278,0.9827512,0.15762231,0.0,40.81738589,-96.65111721,342.0,4.0
1477645070502,-0.7757214,7.881712,1.2641385,-0.3806512,-1.7384672,-0.59770226,-0.39507017,9.620179,1.8618407,-26.1875,-51.6875,-7.875,2.1266258,-1.3847929,0.55038595,-0.013106703,0.15709348,-0.98749673,-0.995225,-0.097579345,-0.0023138905,-0.09672278,0.9827512,0.15762231,0.0,40.81738589,-96.65111721,342.0,4.0
1477645070521,-0.7757214,7.881712,1.2641385,-0.3806512,-1.7384672,-0.59770226,-0.39507017,9.620179,1.8618407,-26.125,-52.0,-7.75,2.132201,-1.3847929,0.55038595,-0.018655058,0.15654701,-0.98749435,-0.99513656,-0.098453656,0.0031916182,-0.09672278,0.9827512,0.15762231,0.0,40.81738589,-96.65111721,342.0,4.0
1477645070541,-0.7757214,7.881712,1.2641385,-0.3806512,-1.7384672,-0.59770226,-0.39507017,9.620179,1.8618407,-25.9375,-51.875,-7.625,2.1356761,-1.3847929,0.55038595,-0.022113288,0.1562039,-0.9874773,-0.9950657,-0.098997094,0.0066233836,-0.09672278,0.9827512,0.15762231,0.0,40.81738589,-96.65111721,342.0,4.0
1477645070561,-0.7757214,7.881712,1.2641385,-0.3806512,-1.7384672,-0.59770226,-0.39507017,9.620179,1.8618407,-26.0625,-51.6875,-7.6875,2.1326513,-1.3847929,0.55038595,-0.019103302,0.15650265,-0.9874928,-0.99512804,-0.09852416,0.0036364207,-0.09672278,0.9827512,0.15762231,0.0,40.81738589,-96.65111721,342.0,4.0
1477645070580,-0.7757214,7.881712,1.2641385,-0.3806512,-1.7384672,-0.59770226,-0.39507017,9.620179,1.8618407,-26.375,-51.6875,-7.8125,2.1285183,-1.3847929,0.55038595,-0.014990311,0.1569085,-0.98749936,-0.9951985,-0.0978765,-4.4487976E-4,-0.09672278,0.9827512,0.15762231,0.0,40.81738589,-96.65111721,342.0,4.0
1477645070599,-0.7757214,7.881712,1.2641385,-0.3806512,-1.7384672,-0.59770226,-0.39507017,9.620179,1.8618407,-26.6875,-51.75,-8.0625,2.120875,-1.3847929,0.55038595,-0.0073831896,0.15765202,-0.98746705,-0.9952839,-0.096674316,-0.0079927035,-0.09672278,0.9827512,0.15762231,0.0,40.81738589,-96.65111721,342.0,4.0
1477645070621,-0.7757214,7.881712,1.2641385,-0.3806512,-1.7384672,-0.59770226,-0.39507017,9.620179,1.8618407,-27.125,-51.75,-8.1875,2.1169248,-1.3847929,0.55038595,-0.0034516305,0.15803267,-0.9874279,-0.9953054,-0.09605083,-0.011893266,-0.09672278,0.9827512,0.15762231,0.0,40.81738589,-96.65111721,342.0,4.0
1477645070640,-0.7757214,7.881712,1.2641385,-0.3806512,-1.7384672,-0.59770226,-0.39507017,9.620179,1.8618407,-27.625,-51.6875,-8.125,2.118464,-1.3847929,0.55038595,-0.004983604,0.15788467,-0.98744506,-0.9952989,-0.09629396,-0.010373401,-0.09672278,0.9827512,0.15762231,0.0,40.81738589,-96.65111721,342.0,4.0
1477645070661,-0.7757214,7.881712,1.2641385,-0.3806512,-1.7384672,-0.59770226,-0.39507017,9.620179,1.8618407,-27.75,-51.5625,-8.3125,2.1121738,-1.3847929,0.55038595,0.0012769445,0.15848722,-0.9873602,-0.99531054,-0.095298946,-0.016584244,-0.09672278,0.9827512,0.15762231,0.0,40.81738589,-96.65111721,342.0,4.0
1477645070672,0.20111294,8.331821,-2.4133554,-0.3806512,-1.7384672,-0.59770226,-0.39507017,9.620179,1.8618407,-27.75,-51.5625,-8.3125,-2.1884043,-1.2879311,-3.0584514,0.64209986,-0.22754753,-0.7320723,-0.7662705,-0.16162789,-0.6218568,0.023178684,0.9602597,-0.2781442,0.0,40.81738589,-96.65111721,342.0,4.0
1477645070673,0.20111294,8.331821,-2.4133554,-0.3806512,-1.7384672,-0.59770226,0.047674775,9.695373,1.47237,-27.75,-51.5625,-8.3125,-2.1884043,-1.2879311,-3.0584514,0.64209986,-0.22754753,-0.7320723,-0.7662705,-0.16162789,-0.6218568,0.023178684,0.9602597,-0.2781442,0.0,40.81738589,-96.65111721,342.0,4.0
1477645070672,0.20111294,8.331821,-2.4133554,0.15343817,-1.3635511,-3.8857255,0.047674775,9.695373,1.47237,-27.75,-51.5625,-8.3125,-2.1884043,-1.2879311,-3.0584514,0.64209986,-0.22754753,-0.7320723,-0.7662705,-0.16162789,-0.6218568,0.023178684,0.9602597,-0.2781442,0.0,40.81738589,-96.65111721,342.0,4.0
1477645070679,0.20111294,8.331821,-2.4133554,0.15343817,-1.3635511,-3.8857255,0.047674775,9.695373,1.47237,-27.8125,-51.1875,-8.5,-2.1887426,-1.2879311,-3.0584514,0.64235914,-0.22749278,-0.7318618,-0.7660532,-0.16170487,-0.6221046,0.023178684,0.9602597,-0.2781442,0.0,40.81738589,-96.65111721,342.0,4.0
1477645070699,0.20111294,8.331821,-2.4133554,0.15343817,-1.3635511,-3.8857255,0.047674775,9.695373,1.47237,-28.1875,-50.875,-9.0,-2.1902661,-1.2879311,-3.0584514,0.64352536,-0.2272462,-0.73091334,-0.76507384,-0.16205125,-0.6232187,0.023178684,0.9602597,-0.2781442,0.0,40.81738589,-96.65111721,342.0,4.0
1477645070720,0.20111294,8.331821,-2.4133554,0.15343817,-1.3635511,-3.8857255,0.047674775,9.695373,1.47237,-28.25,-50.8125,-9.6875,-2.2027519,-1.2879311,-3.0584514,0.6530276,-0.2252052,-0.7230751,-0.7569794,-0.16487591,-0.632296,0.023178684,0.9602597,-0.2781442,0.0,40.81738589,-96.65111721,342.0,4.0
1477645070739,0.20111294,8.331821,-2.4133554,0.15343817,-1.3635511,-3.8857255,0.047674775,9.695373,1.47237,-28.4375,-50.5,-10.3125,-2.2098753,-1.2879311,-3.0584514,0.65840316,-0.22402501,-0.71855277,-0.7523085,-0.16647592,-0.6374306,0.023178684,0.9602597,-0.2781442,0.0,40.81738589,-96.65111721,342.0,4.0
1477645070759,0.20111294,8.331821,-2.4133554,0.15343817,-1.3635511,-3.8857255,0.047674775,9.695373,1.47237,-28.6875,-50.375,-10.75,-2.2131822,-1.2879311,-3.0584514,0.66088736,-0.22347327,-0.7164409,-0.75012714,-0.16721584,-0.6398033,0.023178684,0.9602597,-0.2781442,0.0,40.81738589,-96.65111721,342.0,4.0
1477645070780,0.20111294,8.331821,-2.4133554,0.15343817,-1.3635511,-3.8857255,0.047674775,9.695373,1.47237,-29.0,-50.0,-11.25,-2.2150016,-1.2879311,-3.0584514,0.6622511,-0.22316866,-0.7152756,-0.74892336,-0.16762216,-0.6411058,0.023178684,0.9602597,-0.2781442,0.0,40.81738589,-96.65111721,342.0,4.0
1477645070798,0.20111294,8.331821,-2.4133554,0.15343817,-1.3635511,-3.8857255,0.047674775,9.695373,1.47237,-29.3125,-49.9375,-11.75,-2.2186136,-1.2879311,-3.0584514,0.6649519,-0.22256176,-0.7129553,-0.7465265,-0.16842717,-0.64368516,0.023178684,0.9602597,-0.2781442,0.0,40.81738589,-96.65111721,342.0,4.0
1477645070817,0.20111294,8.331821,-2.4133554,0.15343817,-1.3635511,-3.8857255,0.047674775,9.695373,1.47237,-29.4375,-49.75,-12.4375,-2.228136,-1.2879311,-3.0584514,0.67203057,-0.22094786,-0.7067935,-0.74016064,-0.17053887,-0.65044516,0.023178684,0.9602597,-0.2781442,0.0,40.81738589,-96.65111721,342.0,4.0
1477645070838,0.20111294,8.331821,-2.4133554,0.15343817,-1.3635511,-3.8857255,0.047674775,9.695373,1.47237,-29.875,-49.75,-13.0,-2.230788,-1.2879311,-3.0584514,0.6739909,-0.22049484,-0.70506614,-0.73837596,-0.17112416,-0.6523171,0.023178684,0.9602597,-0.2781442,0.0,40.81738589,-96.65111721,342.0,4.0
1477645070858,0.20111294,8.331821,-2.4133554,0.15343817,-1.3635511,-3.8857255,0.047674775,9.695373,1.47237,-29.8125,-49.6875,-13.4375,-2.239362,-1.2879311,-3.0584514,0.680297,-0.2190195,-0.6994473,-0.73257,-0.17300841,-0.65833837,0.023178684,0.9602597,-0.2781442,0.0,40.81738589,-96.65111721,342.0,4.0
1477645070871,-0.24899697,9.739613,1.9440918,0.15343817,-1.3635511,-3.8857255,0.047674775,9.695373,1.47237,-29.8125,-49.6875,-13.4375,1.585143,-1.3722118,0.12738527,0.110301495,0.19726194,-0.974126,-0.99358225,-0.002830252,-0.113077685,-0.025062945,0.9803468,0.19568378,0.0,40.81738589,-96.65111721,342.0,4.0
1477645070871,-0.24899697,9.739613,1.9440918,0.15343817,-1.3635511,-3.8857255,0.31256986,9.527487,2.3021016,-29.8125,-49.6875,-13.4375,1.585143,-1.3722118,0.12738527,0.110301495,0.19726194,-0.974126,-0.99358225,-0.002830252,-0.113077685,-0.025062945,0.9803468,0.19568378,0.0,40.81738589,-96.65111721,342.0,4.0
1477645070870,-0.24899697,9.739613,1.9440918,-0.5615668,0.21212578,-0.35800982,0.31256986,9.527487,2.3021016,-29.8125,-49.6875,-13.4375,1.585143,-1.3722118,0.12738527,0.110301495,0.19726194,-0.974126,-0.99358225,-0.002830252,-0.113077685,-0.025062945,0.9803468,0.19568378,0.0,40.81738589,-96.65111721,342.0,4.0
1477645070878,-0.24899697,9.739613,1.9440918,-0.5615668,0.21212578,-0.35800982,0.31256986,9.527487,2.3021016,-29.875,-49.5,-13.75,1.5744829,-1.3722118,0.12738527,0.12088675,0.19728091,-0.97286516,-0.9923499,-7.272884E-4,-0.12345538,-0.025062945,0.9803468,0.19568378,0.0,40.81738589,-96.65111721,342.0,4.0
1477645070898,-0.24899697,9.739613,1.9440918,-0.5615668,0.21212578,-0.35800982,0.31256986,9.527487,2.3021016,-29.9375,-49.3125,-14.0625,1.5638908,-1.3722118,0.12738527,0.1313908,0.19727755,-0.97150296,-0.9910138,0.0013623219,-0.1337529,-0.025062945,0.9803468,0.19568378,0.0,40.81738589,-96.65111721,342.0,4.0
1477645070918,-0.24899697,9.739613,1.9440918,-0.5615668,0.21212578,-0.35800982,0.31256986,9.527487,2.3021016,-29.875,-48.9375,-14.625,1.5439335,-1.3722118,0.12738527,0.15114135,0.19721107,-0.9686403,-0.98819447,0.0052989293,-0.15311362,-0.025062945,0.9803468,0.19568378,0.0,40.81738589,-96.65111721,342.0,4.0
1477645070937,-0.24899697,9.739613,1.9440918,-0.5615668,0.21212578,-0.35800982,0.31256986,9.527487,2.3021016,-29.875,-48.9375,-15.375,1.5209601,-1.3722118,0.12738527,0.17380163,0.1970373,-0.9648675,-0.9844617,0.0098277405,-0.1753242,-0.025062945,0.9803468,0.19568378,0.0,40.81738589,-96.65111721,342.0,4.0
1477645070958,-0.24899697,9.739613,1.9440918,-0.5615668,0.21212578,-0.35800982,0.31256986,9.527487,2.3021016,-29.6875,-48.6875,-16.1875,1.4935558,-1.3722118,0.12738527,0.20071144,0.19669403,-0.9597012,-0.9793298,0.015223036,-0.20169656,-0.025062945,0.9803468,0.19568378,0.0,40.81738589,-96.65111721,342.0,4.0
1477645070978,-0.24899697,9.739613,1.9440918,-0.5615668,0.21212578,-0.35800982,0.31256986,9.527487,2.3021016,-29.75,-48.4375,-16.8125,1.4735374,-1.3722118,0.12738527,0.22027451,0.1963499,-0.9554716,-0.97511595,0.019157218,-0.22086652,-0.025062945,0.9803468,0.19568378,0.0,40.81738589,-96.65111721,342.0,4.0
1477645070998,-0.24899697,9.739613,1.9440918,-0.5615668,0.21212578,-0.35800982,0.31256986,9.527487,2.3021016,-29.8125,-48.3125,-17.5,1.4526827,-1.3722118,0.12738527,0.24056093,0.19590773,-0.950658,-0.9703105,0.023247581,-0.24074316,-0.025062945,0.9803468,0.19568378,0.0,40.81738589,-96.65111721,342.0,4.0
1477645071017,-0.24899697,9.739613,1.9440918,-0.5615668,0.21212578,-0.35800982,0.31256986,9.527487,2.3021016,-29.9375,-48.125,-17.9375,1.4395796,-1.3722118,0.12738527,0.253254,0.19558631,-0.94742197,-0.9670751,0.025812512,-0.25317872,-0.025062945,0.9803468,0.19568378,0.0,40.81738589,-96.65111721,342.0,4.0
1477645071037,-0.24899697,9.739613,1.9440918,-0.5615668,0.21212578,-0.35800982,0.31256986,9.527487,2.3021016,-30.25,-47.875,-18.5,1.4242092,-1.3722118,0.12738527,0.26808771,0.19516647,-0.9434188,-0.9630685,0.028815564,-0.2677104,-0.025062945,0.9803468,0.19568378,0.0,40.81738589,-96.65111721,342.0,4.0
1477645071056,-0.24899697,9.739613,1.9440918,-0.5615668,0.21212578,-0.35800982,0.31256986,9.527487,2.3021016,-30.5625,-47.625,-18.875,1.4145825,-1.3722118,0.12738527,0.27734643,0.19488002,-0.9407979,-0.9604431,0.03069303,-0.27677995,-0.025062945,0.9803468,0.19568378,0.0,40.81738589,-96.65111721,342.0,4.0
1477645071069,-0.076614454,9.040505,0.8331822,-0.5615668,0.21212578,-0.35800982,0.31256986,9.527487,2.3021016,-30.5625,-47.625,-18.875,1.2262958,-1.4785094,0.09169615,0.42212853,0.086741306,-0.90237653,-0.9064967,0.031123526,-0.42106417,-0.008438514,0.9957446,0.09176884,0.0,40.81738589,-96.65111721,342.0,4.0
1477645071070,-0.076614454,9.040505,0.8331822,-0.5615668,0.21212578,-0.35800982,0.55731326,9.355558,2.8867478,-30.5625,-47.625,-18.875,1.2262958,-1.4785094,0.09169615,0.42212853,0.086741306,-0.90237653,-0.9064967,0.031123526,-0.42106417,-0.008438514,0.9957446,0.09176884,0.0,40.81738589,-96.65111721,342.0,4.0
1477645071069,-0.076614454,9.040505,0.8331822,-0.6339277,-0.315053,-2.0535655,0.55731326,9.355558,2.8867478,-30.5625,-47.625,-18.875,1.2262958,-1.4785094,0.09169615,0.42212853,0.086741306,-0.90237653,-0.9064967,0.031123526,-0.42106417,-0.008438514,0.9957446,0.09176884,0.0,40.81738589,-96.65111721,342.0,4.0
1477645071077,-0.076614454,9.040505,0.8331822,-0.6339277,-0.315053,-2.0535655,0.55731326,9.355558,2.8867478,-30.625,-47.625,-18.9375,1.2254195,-1.4785094,0.09169615,0.4229227,0.08671399,-0.9020072,-0.90612644,0.031199524,-0.42185473,-0.008438514,0.9957446,0.09176884,0.0,40.81738589,-96.65111721,342.0,4.0
1477645071097,-0.076614454,9.040505,0.8331822,-0.6339277,-0.315053,-2.0535655,0.55731326,9.355558,2.8867478,-30.5625,-47.5,-19.0,1.2226834,-1.4785094,0.09169615,0.42540038,0.08662832,-0.9008497,-0.904966,0.031436667,-0.42432114,-0.008438514,0.9957446,0.09176884,0.0,40.81738589,-96.65111721,342.0,4.0
1477645071116,-0.076614454,9.040505,0.8331822,-0.6339277,-0.315053,-2.0535655,0.55731326,9.355558,2.8867478,-30.9375,-47.1875,-18.9375,1.2281468,-1.4785094,0.09169615,0.42044997,0.08679877,-0.90315443,-0.9072766,0.030962925,-0.41939324,-0.008438514,0.9957446,0.09176884,0.0,40.81738589,-96.65111721,342.0,4.0
1477645071137,-0.076614454,9.040505,0.8331822,-0.6339277,-0.315053,-2.0535655,0.55731326,9.355558,2.8867478,-31.1875,-47.125,-18.9375,1.2310131,-1.4785094,0.09169615,0.41784766,0.08688716,-0.9043528,-0.90847796,0.030714003,-0.41680273,-0.008438514,0.9957446,0.09176884,0.0,40.81738589,-96.65111721,342.0,4.0
1477645071155,-0.076614454,9.040505,0.8331822,-0.6339277,-0.315053,-2.0535655,0.55731326,9.355558,2.8867478,-31.375,-46.75,-19.0625,1.2290915,-1.4785094,0.09169615,0.41959265,0.08682798,-0.9035502,-0.90767336,0.030880911,-0.4185398,-0.008438514,0.9957446,0.09176884,0.0,40.81738589,-96.65111721,342.0,4.0
1477645071177,-0.076614454,9.040505,0.8331822,-0.6339277,-0.315053,-2.0535655,0.55731326,9.355558,2.8867478,-31.5625,-46.5625,-19.25,1.2260569,-1.4785094,0.09169615,0.4223451,0.08673388,-0.902276,-0.9063959,0.03114425,-0.42127976,-0.008438514,0.9957446,0.09176884,0.0,40.81738589,-96.65111721,342.0,4.0
1477645071195,-0.076614454,9.040505,0.8331822,-0.6339277,-0.315053,-2.0535655,0.55731326,9.355558,2.8867478,-31.6875,-46.6875,-19.0,1.234256,-1.4785094,0.09169615,0.41489932,0.0869863,-0.9056997,-0.9098281,0.03043207,-0.41386777,-0.008438514,0.9957446,0.09176884,0.0,40.81738589,-96.65111721,342.0,4.0
1477645071201,-0.076614454,9.040505,0.8331822,-0.6339277,-0.315053,-2.0535655,0.55731326,9.355558,2.8867478,-31.6875,-46.6875,-19.0,1.234256,-1.4785094,0.09169615,0.41489932,0.0869863,-0.9056997,-0.9098281,0.03043207,-0.41386777,-0.008438514,0.9957446,0.09176884,0.0,40.81738595,-96.65111719,342.0,4.0
1477645071215,-0.076614454,9.040505,0.8331822,-0.6339277,-0.315053,-2.0535655,0.55731326,9.355558,2.8867478,-31.6875,-46.875,-19.1875,1.229913,-1.4785094,0.09169615,0.41884685,0.08685331,-0.90389365,-0.90801764,0.030809568,-0.4177974,-0.008438514,0.9957446,0.09176884,0.0,40.81738595,-96.65111719,342.0,4.0
1477645071235,-0.076614454,9.040505,0.8331822,-0.6339277,-0.315053,-2.0535655,0.55731326,9.355558,2.8867478,-31.6875,-46.6875,-19.6875,1.2167462,-1.4785094,0.09169615,0.43076584,0.08644014,-0.8983145,-0.9024243,0.03195044,-0.42966217,-0.008438514,0.9957446,0.09176884,0.0,40.81738595,-96.65111719,342.0,4.0
1477645071255,-0.076614454,9.040505,0.8331822,-0.6339277,-0.315053,-2.0535655,0.55731326,9.355558,2.8867478,-31.875,-46.6875,-19.8125,1.2158655,-1.4785094,0.09169615,0.43156055,0.08641197,-0.8979357,-0.90204453,0.032026567,-0.43045327,-0.008438514,0.9957446,0.09176884,0.0,40.81738595,-96.65111719,342.0,4.0
1477645071268,-3.8881836,7.067683,5.171476,-0.6339277,-0.315053,-2.0535655,0.55731326,9.355558,2.8867478,-31.875,-46.6875,-19.8125,2.30844,-0.8295118,0.6446852,-0.2095219,0.49971202,-0.8404692,-0.8896305,-0.45412716,-0.048229873,-0.40578094,0.7376018,0.5397087,0.0,40.81738595,-96.65111719,342.0,4.0
1477645071268,-3.8881836,7.067683,5.171476,-0.6339277,-0.315053,-2.0535655,0.097964115,9.283789,3.1578598,-31.875,-46.6875,-19.8125,2.30844,-0.8295118,0.6446852,-0.2095219,0.49971202,-0.8404692,-0.8896305,-0.45412716,-0.048229873,-0.40578094,0.7376018,0.5397087,0.0,40.81738595,-96.65111719,342.0,4.0
1477645071267,-3.8881836,7.067683,5.171476,-3.9861476,-2.2161055,2.013616,0.097964115,9.283789,3.1578598,-31.875,-46.6875,-19.8125,2.30844,-0.8295118,0.6446852,-0.2095219,0.49971202,-0.8404692,-0.8896305,-0.45412716,-0.048229873,-0.40578094,0.7376018,0.5397087,0.0,40.81738595,-96.65111719,342.0,4.0
1477645071275,-3.8881836,7.067683,5.171476,-3.9861476,-2.2161055,2.013616,0.097964115,9.283789,3.1578598,-31.8125,-47.125,-20.0625,2.3088663,-0.8295118,0.6446852,-0.20990115,0.4995184,-0.8404897,-0.88954115,-0.4543402,-0.047871575,-0.40578094,0.7376018,0.5397087,0.0,40.81738595,-96.65111719,342.0,4.0
1477645071295,-3.8881836,7.067683,5.171476,-3.9861476,-2.2161055,2.013616,0.097964115,9.283789,3.1578598,-31.5625,-47.375,-20.1875,2.3102958,-0.8295118,0.6446852,-0.21117271,0.49886835,-0.8405572,-0.88924015,-0.45505384,-0.046669886,-0.40578094,0.7376018,0.5397087,0.0,40.81738595,-96.65111719,342.0,4.0
1477645071315,-3.8881836,7.067683,5.171476,-3.9861476,-2.2161055,2.013616,0.097964115,9.283789,3.1578598,-31.1875,-47.6875,-20.25,2.3139195,-0.8295118,0.6446852,-0.21439353,0.49721617,-0.8407209,-0.8884691,-0.45685858,-0.04362379,-0.40578094,0.7376018,0.5397087,0.0,40.81738595,-96.65111719,342.0,4.0
1477645071335,-3.8881836,7.067683,5.171476,-3.9861476,-2.2161055,2.013616,0.097964115,9.283789,3.1578598,-31.0,-48.0,-20.3125,2.3167598,-0.8295118,0.6446852,-0.21691617,0.4959165,-0.8408413,-0.8878565,-0.4582689,-0.0412357,-0.40578094,0.7376018,0.5397087,0.0,40.81738595,-96.65111719,342.0,4.0
1477645071355,-3.8881836,7.067683,5.171476,-3.9861476,-2.2161055,2.013616,0.097964115,9.283789,3.1578598,-30.8125,-48.0,-20.5,2.3144293,-0.8295118,0.6446852,-0.2148465,0.49698314,-0.84074306,-0.8883598,-0.45711204,-0.043195114,-0.40578094,0.7376018,0.5397087,0.0,40.81738595,-96.65111719,342.0,4.0
1477645071374,-3.8881836,7.067683,5.171476,-3.9861476,-2.2161055,2.013616,0.097964115,9.283789,3.1578598,-30.9375,-47.8125,-20.5625,2.3109932,-0.8295118,0.6446852,-0.21179277,0.49855086,-0.84058964,-0.8890927,-0.45540166,-0.04608372,-0.40578094,0.7376018,0.5397087,0.0,40.81738595,-96.65111719,342.0,4.0
1477645071394,-3.8881836,7.067683,5.171476,-3.9861476,-2.2161055,2.013616,0.097964115,9.283789,3.1578598,-30.9375,-48.0625,-20.4375,2.3155568,-0.8295118,0.6446852,-0.215848,0.49646744,-0.84079117,-0.8881169,-0.45767206,-0.042247146,-0.40578094,0.7376018,0.5397087,0.0,40.81738595,-96.65111719,342.0,4.0
1477645071414,-3.8881836,7.067683,5.171476,-3.9861476,-2.2161055,2.013616,0.097964115,9.283789,3.1578598,-31.25,-47.8125,-20.5625,2.3096828,-0.8295118,0.6446852,-0.21062748,0.49914724,-0.8405285,-0.8893694,-0.45474792,-0.047185227,-0.40578094,0.7376018,0.5397087,0.0,40.81738595,-96.65111719,342.0,4.0
1477645071434,-3.8881836,7.067683,5.171476,-3.9861476,-2.2161055,2.013616,0.097964115,9.283789,3.1578598,-31.375,-47.4375,-20.6875,2.3033686,-0.8295118,0.6446852,-0.2050076,0.5020087,-0.84021384,-0.8906816,-0.45158714,-0.052491575,-0.40578094,0.7376018,0.5397087,0.0,40.81738595,-96.65111719,342.0,4.0
