timestamp, accx, accy, accz, laccx, laccy, laccz, gravx, gravy, gravz, magfieldx, magfieldy, magfieldz, anglex, angley, anglez, rot0, rot1, rot2, rot3, rot4, rot5, rot6, rot7, rot8, speedgps, latgps, longps, altgps, accgps
1477659962056,0.0,0.0,0.0,0.0,0.0,0.0,0.0,0.0,0.0,-0.3125,-46.8125,21.25,0.0,-0.0,-0.0,0.0,0.0,0.0,0.0,0.0,0.0,0.0,0.0,0.0,0.0,0.0,0.0,0.0,0.0
1477659962076,0.0,0.0,0.0,0.0,0.0,0.0,0.0,0.0,0.0,-0.6875,-46.9375,21.0625,0.0,-0.0,-0.0,0.0,0.0,0.0,0.0,0.0,0.0,0.0,0.0,0.0,0.0,0.0,0.0,0.0,0.0
1477659962095,0.0,0.0,0.0,0.0,0.0,0.0,0.0,0.0,0.0,-0.875,-46.9375,21.0,0.0,-0.0,-0.0,0.0,0.0,0.0,0.0,0.0,0.0,0.0,0.0,0.0,0.0,0.0,0.0,0.0,0.0
1477659962115,0.0,0.0,0.0,0.0,0.0,0.0,0.0,0.0,0.0,-0.9375,-46.9375,21.25,0.0,-0.0,-0.0,0.0,0.0,0.0,0.0,0.0,0.0,0.0,0.0,0.0,0.0,0.0,0.0,0.0,0.0
1477659962135,0.0,0.0,0.0,0.0,0.0,0.0,0.0,0.0,0.0,-0.875,-47.1875,21.4375,0.0,-0.0,-0.0,0.0,0.0,0.0,0.0,0.0,0.0,0.0,0.0,0.0,0.0,0.0,0.0,0.0,0.0
1477659962143,0.0,10.04607,1.5514427,0.0,0.0,0.0,0.0,0.0,0.0,-0.875,-47.1875,21.4375,3.1107798,-1.417574,-0.0,-0.99952525,0.004702019,-0.030447027,-0.03080796,-0.15255105,0.9878152,0.0,0.9882844,0.15262352,0.0,0.0,0.0,0.0,0.0
1477659962143,0.0,10.04607,1.5514427,0.0,0.0,0.0,-0.27629825,9.729762,1.1940649,-0.875,-47.1875,21.4375,3.1107798,-1.417574,-0.0,-0.99952525,0.004702019,-0.030447027,-0.03080796,-0.15255105,0.9878152,0.0,0.9882844,0.15262352,0.0,0.0,0.0,0.0,0.0
1477659962143,0.0,10.04607,1.5514427,0.27629825,0.31630802,0.3573779,-0.27629825,9.729762,1.1940649,-0.875,-47.1875,21.4375,3.1107798,-1.417574,-0.0,-0.99952525,0.004702019,-0.030447027,-0.03080796,-0.15255105,0.9878152,0.0,0.9882844,0.15262352,0.0,0.0,0.0,0.0,0.0
1477659962155,0.0,10.04607,1.5514427,0.27629825,0.31630802,0.3573779,-0.27629825,9.729762,1.1940649,-0.8125,-47.25,21.375,3.1129267,-1.417574,-0.0,-0.99958915,0.0043744883,-0.02832616,-0.028661951,-0.15256082,0.9878784,0.0,0.9882844,0.15262352,0.0,0.0,0.0,0.0,0.0
1477659962082,0.0,10.04607,1.5514427,0.27629825,0.31630802,0.3573779,-0.27629825,9.729762,1.1940649,-0.8125,-47.25,21.375,3.1129267,-1.417574,-0.0,-0.99958915,0.0043744883,-0.02832616,-0.028661951,-0.15256082,0.9878784,0.0,0.9882844,0.15262352,1.3509257,40.81577422,-96.68551209,318.0,16.0
1477659962176,0.0,10.04607,1.5514427,0.27629825,0.31630802,0.3573779,-0.27629825,9.729762,1.1940649,-0.9375,-47.375,21.3125,3.1084697,-1.417574,-0.0,-0.9994515,0.0050544054,-0.032728836,-0.03311682,-0.1525398,0.98774236,0.0,0.9882844,0.15262352,1.3509257,40.81577422,-96.68551209,318.0,16.0
1477659962195,0.0,10.04607,1.5514427,0.27629825,0.31630802,0.3573779,-0.27629825,9.729762,1.1940649,-0.9375,-47.6875,21.1875,3.1083808,-1.417574,-0.0,-0.99944854,0.0050679753,-0.032816704,-0.03320573,-0.15253936,0.9877394,0.0,0.9882844,0.15262352,1.3509257,40.81577422,-96.68551209,318.0,16.0
1477659962215,0.0,10.04607,1.5514427,0.27629825,0.31630802,0.3573779,-0.27629825,9.729762,1.1940649,-0.8125,-47.625,21.25,3.1128595,-1.417574,-0.0,-0.9995873,0.0043847393,-0.028392538,-0.028729118,-0.15256053,0.98787653,0.0,0.9882844,0.15262352,1.3509257,40.81577422,-96.68551209,318.0,16.0
1477659962234,0.0,10.04607,1.5514427,0.27629825,0.31630802,0.3573779,-0.27629825,9.729762,1.1940649,-0.75,-47.625,21.3125,3.1151266,-1.417574,-0.0,-0.99964976,0.00403888,-0.026152994,-0.026463024,-0.15257007,0.9879383,0.0,0.9882844,0.15262352,1.3509257,40.81577422,-96.68551209,318.0,16.0
1477659962253,0.0,10.04607,1.5514427,0.27629825,0.31630802,0.3573779,-0.27629825,9.729762,1.1940649,-0.75,-47.5625,21.0625,3.1148849,-1.417574,-0.0,-0.9996434,0.00407577,-0.026391868,-0.026704729,-0.15256909,0.98793197,0.0,0.9882844,0.15262352,1.3509257,40.81577422,-96.68551209,318.0,16.0
1477659962273,0.0,10.04607,1.5514427,0.27629825,0.31630802,0.3573779,-0.27629825,9.729762,1.1940649,-0.75,-47.5625,20.875,3.1147075,-1.417574,-0.0,-0.9996387,0.0041028312,-0.026567096,-0.026882034,-0.15256837,0.9879273,0.0,0.9882844,0.15262352,1.3509257,40.81577422,-96.68551209,318.0,16.0
1477659962293,0.0,10.04607,1.5514427,0.27629825,0.31630802,0.3573779,-0.27629825,9.729762,1.1940649,-1.0,-47.5,20.5,3.1052575,-1.417574,-0.0,-0.99933994,0.0055443784,-0.03590156,-0.036327157,-0.15252277,0.9876321,0.0,0.9882844,0.15262352,1.3509257,40.81577422,-96.68551209,318.0,16.0
1477659962313,0.0,10.04607,1.5514427,0.27629825,0.31630802,0.3573779,-0.27629825,9.729762,1.1940649,-1.1875,-47.4375,20.5625,3.098534,-1.417574,-0.0,-0.99907315,0.0065697185,-0.042540953,-0.043045253,-0.15248206,0.9873684,0.0,0.9882844,0.15262352,1.3509257,40.81577422,-96.68551209,318.0,16.0
1477659962334,0.0,10.04607,1.5514427,0.27629825,0.31630802,0.3573779,-0.27629825,9.729762,1.1940649,-1.1875,-47.375,20.6875,3.0987113,-1.417574,-0.0,-0.9990807,0.006542707,-0.042366046,-0.042868275,-0.15248321,0.9873759,0.0,0.9882844,0.15262352,1.3509257,40.81577422,-96.68551209,318.0,16.0
1477659962341,-0.31603462,10.160992,1.4748282,0.27629825,0.31630802,0.3573779,-0.27629825,9.729762,1.1940649,-1.1875,-47.375,20.6875,-3.0254931,-1.4234314,0.21109334,-0.9952283,-0.017008869,-0.09607874,-0.092595376,-0.14584376,0.9849647,-0.030765625,0.98916143,0.14357291,1.3509257,40.81577422,-96.68551209,318.0,16.0
1477659962341,-0.31603462,10.160992,1.4748282,0.27629825,0.31630802,0.3573779,-0.24149701,9.733001,1.1750532,-1.1875,-47.375,20.6875,-3.0254931,-1.4234314,0.21109334,-0.9952283,-0.017008869,-0.09607874,-0.092595376,-0.14584376,0.9849647,-0.030765625,0.98916143,0.14357291,1.3509257,40.81577422,-96.68551209,318.0,16.0
1477659962341,-0.31603462,10.160992,1.4748282,-0.074537605,0.4279909,0.299775,-0.24149701,9.733001,1.1750532,-1.1875,-47.375,20.6875,-3.0254931,-1.4234314,0.21109334,-0.9952283,-0.017008869,-0.09607874,-0.092595376,-0.14584376,0.9849647,-0.030765625,0.98916143,0.14357291,1.3509257,40.81577422,-96.68551209,318.0,16.0
1477659962354,-0.31603462,10.160992,1.4748282,-0.074537605,0.4279909,0.299775,-0.24149701,9.733001,1.1750532,-1.25,-47.3125,20.6875,-3.0277252,-1.4234314,0.21109334,-0.9950192,-0.01668331,-0.09827688,-0.09481643,-0.14588135,0.9847479,-0.030765625,0.98916143,0.14357291,1.3509257,40.81577422,-96.68551209,318.0,16.0
1477659962374,-0.31603462,10.160992,1.4748282,-0.074537605,0.4279909,0.299775,-0.24149701,9.733001,1.1750532,-1.375,-47.3125,20.375,-3.0334487,-1.4234314,0.21109334,-0.9944602,-0.01584809,-0.103911445,-0.10050984,-0.14597444,0.98416924,-0.030765625,0.98916143,0.14357291,1.3509257,40.81577422,-96.68551209,318.0,16.0
1477659962392,-0.31603462,10.160992,1.4748282,-0.074537605,0.4279909,0.299775,-0.24149701,9.733001,1.1750532,-1.625,-47.125,20.0625,-3.0438306,-1.4234314,0.21109334,-0.9933632,-0.014331756,-0.11412333,-0.11082875,-0.14613111,0.98303753,-0.030765625,0.98916143,0.14357291,1.3509257,40.81577422,-96.68551209,318.0,16.0
1477659962413,-0.31603462,10.160992,1.4748282,-0.074537605,0.4279909,0.299775,-0.24149701,9.733001,1.1750532,-1.8125,-47.1875,20.0625,-3.050809,-1.4234314,0.21109334,-0.9925656,-0.013311668,-0.12098041,-0.11775796,-0.14622757,0.98221713,-0.030765625,0.98916143,0.14357291,1.3509257,40.81577422,-96.68551209,318.0,16.0
1477659962433,-0.31603462,10.160992,1.4748282,-0.074537605,0.4279909,0.299775,-0.24149701,9.733001,1.1750532,-2.0,-47.125,19.8125,-3.0589151,-1.4234314,0.21109334,-0.9915785,-0.012125909,-0.12893832,-0.12579986,-0.14633068,0.9812043,-0.030765625,0.98916143,0.14357291,1.3509257,40.81577422,-96.68551209,318.0,16.0
1477659962452,-0.31603462,10.160992,1.4748282,-0.074537605,0.4279909,0.299775,-0.24149701,9.733001,1.1750532,-2.0,-47.1875,19.875,-3.0586412,-1.4234314,0.21109334,-0.9916129,-0.012165984,-0.1286696,-0.1255283,-0.14632735,0.98123956,-0.030765625,0.98916143,0.14357291,1.3509257,40.81577422,-96.68551209,318.0,16.0
1477659962475,-0.31603462,10.160992,1.4748282,-0.074537605,0.4279909,0.299775,-0.24149701,9.733001,1.1750532,-1.875,-47.125,19.9375,-3.0536683,-1.4234314,0.21109334,-0.9922249,-0.01289352,-0.12378828,-0.12059543,-0.14626504,0.98186725,-0.030765625,0.98916143,0.14357291,1.3509257,40.81577422,-96.68551209,318.0,16.0
1477659962493,-0.31603462,10.160992,1.4748282,-0.074537605,0.4279909,0.299775,-0.24149701,9.733001,1.1750532,-1.9375,-46.9375,20.25,-3.0544431,-1.4234314,0.21109334,-0.99213105,-0.012780151,-0.124549255,-0.12136444,-0.14627498,0.981771,-0.030765625,0.98916143,0.14357291,1.3509257,40.81577422,-96.68551209,318.0,16.0
1477659962512,-0.31603462,10.160992,1.4748282,-0.074537605,0.4279909,0.299775,-0.24149701,9.733001,1.1750532,-1.9375,-47.0625,20.375,-3.0539281,-1.4234314,0.21109334,-0.9921936,-0.012855496,-0.124043524,-0.120853364,-0.1462684,0.9818352,-0.030765625,0.98916143,0.14357291,1.3509257,40.81577422,-96.68551209,318.0,16.0
1477659962531,-0.31603462,10.160992,1.4748282,-0.074537605,0.4279909,0.299775,-0.24149701,9.733001,1.1750532,-2.125,-46.9375,20.6875,-3.0592377,-1.4234314,0.21109334,-0.99153787,-0.012078689,-0.12925494,-0.12611984,-0.14633459,0.98116267,-0.030765625,0.98916143,0.14357291,1.3509257,40.81577422,-96.68551209,318.0,16.0
1477659962539,-0.2873042,9.452309,0.6703765,-0.074537605,0.4279909,0.299775,-0.24149701,9.733001,1.1750532,-2.125,-46.9375,20.6875,-2.8827887,-1.493789,0.4048918,-0.9890494,-0.019688828,-0.14626582,-0.14444011,-0.07437006,0.98671484,-0.030305056,0.9970364,0.0707118,1.3509257,40.81577422,-96.68551209,318.0,16.0
1477659962539,-0.2873042,9.452309,0.6703765,-0.074537605,0.4279909,0.299775,-0.17449623,9.751132,1.0273077,-2.125,-46.9375,20.6875,-2.8827887,-1.493789,0.4048918,-0.9890494,-0.019688828,-0.14626582,-0.14444011,-0.07437006,0.98671484,-0.030305056,0.9970364,0.0707118,1.3509257,40.81577422,-96.68551209,318.0,16.0
1477659962540,-0.2873042,9.452309,0.6703765,-0.11280796,-0.29882336,-0.35693127,-0.17449623,9.751132,1.0273077,-2.125,-46.9375,20.6875,-2.8827887,-1.493789,0.4048918,-0.9890494,-0.019688828,-0.14626582,-0.14444011,-0.07437006,0.98671484,-0.030305056,0.9970364,0.0707118,1.3509257,40.81577422,-96.68551209,318.0,16.0
1477659962552,-0.2873042,9.452309,0.6703765,-0.11280796,-0.29882336,-0.35693127,-0.17449623,9.751132,1.0273077,-2.0625,-46.9375,20.9375,-2.8787646,-1.493789,0.4048918,-0.98962265,-0.01998794,-0.14229402,-0.14045893,-0.07429023,0.98729557,-0.030305056,0.9970364,0.0707118,1.3509257,40.81577422,-96.68551209,318.0,16.0
1477659962572,-0.2873042,9.452309,0.6703765,-0.11280796,-0.29882336,-0.35693127,-0.17449623,9.751132,1.0273077,-2.0,-46.9375,21.0,-2.8758771,-1.493789,0.4048918,-0.9900241,-0.020202365,-0.1394427,-0.1376009,-0.074232206,0.9877023,-0.030305056,0.9970364,0.0707118,1.3509257,40.81577422,-96.68551209,318.0,16.0
1477659962611,-0.2873042,9.452309,0.6703765,-0.11280796,-0.29882336,-0.35693127,-0.17449623,9.751132,1.0273077,-2.4375,-46.875,21.0625,-2.893064,-1.493789,0.4048918,-0.987513,-0.018923618,-0.15639679,-0.15459517,-0.074568436,0.9851599,-0.030305056,0.9970364,0.0707118,1.3509257,40.81577422,-96.68551209,318.0,16.0
1477659962631,-0.2873042,9.452309,0.6703765,-0.11280796,-0.29882336,-0.35693127,-0.17449623,9.751132,1.0273077,-2.4375,-46.75,20.8125,-2.8945715,-1.493789,0.4048918,-0.9872788,-0.018811181,-0.15788178,-0.15608372,-0.074596874,0.984923,-0.030305056,0.9970364,0.0707118,1.3509257,40.81577422,-96.68551209,318.0,16.0
1477659962651,-0.2873042,9.452309,0.6703765,-0.11280796,-0.29882336,-0.35693127,-0.17449623,9.751132,1.0273077,-2.5,-46.875,20.0,-2.9027262,-1.493789,0.4048918,-0.98597324,-0.018202253,-0.16590819,-0.16412939,-0.0747478,0.9836028,-0.030305056,0.9970364,0.0707118,1.3509257,40.81577422,-96.68551209,318.0,16.0
1477659962670,-0.2873042,9.452309,0.6703765,-0.11280796,-0.29882336,-0.35693127,-0.17449623,9.751132,1.0273077,-2.875,-46.9375,19.5,-2.9223187,-1.493789,0.4048918,-0.98256844,-0.016734356,-0.18514632,-0.1834143,-0.07509005,0.98016363,-0.030305056,0.9970364,0.0707118,1.3509257,40.81577422,-96.68551209,318.0,16.0
1477659962690,-0.2873042,9.452309,0.6703765,-0.11280796,-0.29882336,-0.35693127,-0.17449623,9.751132,1.0273077,-3.0625,-47.375,18.5625,-2.938681,-1.493789,0.4048918,-0.97943604,-0.015503538,-0.2011584,-0.19946598,-0.0753538,0.9770032,-0.030305056,0.9970364,0.0707118,1.3509257,40.81577422,-96.68551209,318.0,16.0
1477659962713,-0.2873042,9.452309,0.6703765,-0.11280796,-0.29882336,-0.35693127,-0.17449623,9.751132,1.0273077,-3.0,-47.8125,17.75,-2.9437408,-1.493789,0.4048918,-0.9784141,-0.015122049,-0.20609947,-0.20441936,-0.07543128,0.9759728,-0.030305056,0.9970364,0.0707118,1.3509257,40.81577422,-96.68551209,318.0,16.0
1477659962730,-0.2873042,9.452309,0.6703765,-0.11280796,-0.29882336,-0.35693127,-0.17449623,9.751132,1.0273077,-3.0,-48.0,17.0,-2.9512992,-1.493789,0.4048918,-0.97684115,-0.014551485,-0.2134703,-0.2118087,-0.075543426,0.9743871,-0.030305056,0.9970364,0.0707118,1.3509257,40.81577422,-96.68551209,318.0,16.0
1477659962737,-0.60333884,8.7053175,1.4939818,-0.11280796,-0.29882336,-0.35693127,-0.17449623,9.751132,1.0273077,-3.0,-48.0,17.0,-3.0010831,-1.3877835,0.38381764,-0.96967053,-0.025487615,-0.24308334,-0.23472276,-0.180199,0.95521384,-0.06814949,0.98329985,0.16875112,1.3509257,40.81577422,-96.68551209,318.0,16.0
1477659962738,-0.60333884,8.7053175,1.4939818,-0.11280796,-0.29882336,-0.35693127,-0.54150224,9.497811,2.380912,-3.0,-48.0,17.0,-3.0010831,-1.3877835,0.38381764,-0.96967053,-0.025487615,-0.24308334,-0.23472276,-0.180199,0.95521384,-0.06814949,0.98329985,0.16875112,1.3509257,40.81577422,-96.68551209,318.0,16.0
1477659962737,-0.60333884,8.7053175,1.4939818,-0.0618366,-0.7924938,-0.8869302,-0.54150224,9.497811,2.380912,-3.0,-48.0,17.0,-3.0010831,-1.3877835,0.38381764,-0.96967053,-0.025487615,-0.24308334,-0.23472276,-0.180199,0.95521384,-0.06814949,0.98329985,0.16875112,1.3509257,40.81577422,-96.68551209,318.0,16.0
1477659962749,-0.60333884,8.7053175,1.4939818,-0.0618366,-0.7924938,-0.8869302,-0.54150224,9.497811,2.380912,-2.625,-48.25,15.9375,-2.997049,-1.3877835,0.38381764,-0.9706096,-0.026214372,-0.23922782,-0.23080897,-0.18009472,0.9561868,-0.06814949,0.98329985,0.16875112,1.3509257,40.81577422,-96.68551209,318.0,16.0
1477659962769,-0.60333884,8.7053175,1.4939818,-0.0618366,-0.7924938,-0.8869302,-0.54150224,9.497811,2.380912,-2.375,-48.625,15.0625,-2.9960577,-1.3877835,0.38381764,-0.97083783,-0.026392857,-0.23828,-0.22984686,-0.18006863,0.9564234,-0.06814949,0.98329985,0.16875112,1.3509257,40.81577422,-96.68551209,318.0,16.0
1477659962790,-0.60333884,8.7053175,1.4939818,-0.0618366,-0.7924938,-0.8869302,-0.54150224,9.497811,2.380912,-2.375,-48.9375,13.875,-3.0089262,-1.3877835,0.38381764,-0.9677998,-0.024073554,-0.2505675,-0.24232054,-0.18039334,0.953278,-0.06814949,0.98329985,0.16875112,1.3509257,40.81577422,-96.68551209,318.0,16.0
1477659962809,-0.60333884,8.7053175,1.4939818,-0.0618366,-0.7924938,-0.8869302,-0.54150224,9.497811,2.380912,-2.375,-49.375,12.8125,-3.0216815,-1.3877835,0.38381764,-0.9646302,-0.021770667,-0.26270622,-0.25464517,-0.18068573,0.9500044,-0.06814949,0.98329985,0.16875112,1.3509257,40.81577422,-96.68551209,318.0,16.0
1477659962830,-0.60333884,8.7053175,1.4939818,-0.0618366,-0.7924938,-0.8869302,-0.54150224,9.497811,2.380912,-1.8125,-49.6875,11.75,-3.0092235,-1.3877835,0.38381764,-0.9677277,-0.024019936,-0.2508508,-0.24260816,-0.18040049,0.95320344,-0.06814949,0.98329985,0.16875112,1.3509257,40.81577422,-96.68551209,318.0,16.0
1477659962848,-0.60333884,8.7053175,1.4939818,-0.0618366,-0.7924938,-0.8869302,-0.54150224,9.497811,2.380912,-1.625,-49.75,10.75,-3.012838,-1.3877835,0.38381764,-0.9668445,-0.023367716,-0.2542945,-0.24610445,-0.18048613,0.9522906,-0.06814949,0.98329985,0.16875112,1.3509257,40.81577422,-96.68551209,318.0,16.0
1477659962869,-0.60333884,8.7053175,1.4939818,-0.0618366,-0.7924938,-0.8869302,-0.54150224,9.497811,2.380912,-1.625,-49.6875,9.625,-3.0281937,-1.3877835,0.38381764,-0.9629515,-0.020593565,-0.26888716,-0.2609215,-0.18082367,0.9482735,-0.06814949,0.98329985,0.16875112,1.3509257,40.81577422,-96.68551209,318.0,16.0
1477659962888,-0.60333884,8.7053175,1.4939818,-0.0618366,-0.7924938,-0.8869302,-0.54150224,9.497811,2.380912,-1.3125,-49.8125,8.1875,-3.0333462,-1.3877835,0.38381764,-0.9615944,-0.019661622,-0.27376944,-0.2658795,-0.18092738,0.9468756,-0.06814949,0.98329985,0.16875112,1.3509257,40.81577422,-96.68551209,318.0,16.0
1477659962907,-0.60333884,8.7053175,1.4939818,-0.0618366,-0.7924938,-0.8869302,-0.54150224,9.497811,2.380912,-1.25,-50.125,7.125,-3.0480173,-1.3877835,0.38381764,-0.9575903,-0.017005183,-0.28763127,-0.27995816,-0.18119636,0.94275725,-0.06814949,0.98329985,0.16875112,1.3509257,40.81577422,-96.68551209,318.0,16.0
1477659962928,-0.60333884,8.7053175,1.4939818,-0.0618366,-0.7924938,-0.8869302,-0.54150224,9.497811,2.380912,-1.125,-50.25,5.75,-3.0667417,-1.3877835,0.38381764,-0.9521807,-0.013609609,-0.30523238,-0.29783833,-0.18148299,0.9372066,-0.06814949,0.98329985,0.16875112,1.3509257,40.81577422,-96.68551209,318.0,16.0
1477659962936,-0.641646,8.801085,5.104438,-0.0618366,-0.7924938,-0.8869302,-0.54150224,9.497811,2.380912,-1.125,-50.25,5.75,3.1284685,-1.0418202,0.12504768,-0.9906932,0.0066229017,-0.1359529,-0.12068758,-0.50460625,0.8548726,-0.06294094,0.8633242,0.50070924,1.3509257,40.81577422,-96.68551209,318.0,16.0
1477659962935,-0.641646,8.801085,5.104438,-0.0618366,-0.7924938,-0.8869302,-0.73270476,8.529446,4.783522,-1.125,-50.25,5.75,3.1284685,-1.0418202,0.12504768,-0.9906932,0.0066229017,-0.1359529,-0.12068758,-0.50460625,0.8548726,-0.06294094,0.8633242,0.50070924,1.3509257,40.81577422,-96.68551209,318.0,16.0
1477659962936,-0.641646,8.801085,5.104438,0.09105873,0.27163982,0.3209157,-0.73270476,8.529446,4.783522,-1.125,-50.25,5.75,3.1284685,-1.0418202,0.12504768,-0.9906932,0.0066229017,-0.1359529,-0.12068758,-0.50460625,0.8548726,-0.06294094,0.8633242,0.50070924,1.3509257,40.81577422,-96.68551209,318.0,16.0
1477659962950,-0.641646,8.801085,5.104438,0.09105873,0.27163982,0.3209157,-0.73270476,8.529446,4.783522,-0.9375,-50.375,4.375,3.1284566,-1.0418202,0.12504768,-0.9906917,0.006628974,-0.13596317,-0.12069949,-0.5046061,0.8548709,-0.06294094,0.8633242,0.50070924,1.3509257,40.81577422,-96.68551209,318.0,16.0
1477659962967,-0.641646,8.801085,5.104438,0.09105873,0.27163982,0.3209157,-0.73270476,8.529446,4.783522,-0.5,-50.1875,2.875,3.1366537,-1.0418202,0.12504768,-0.99164784,0.002492441,-0.12895113,-0.11257462,-0.50464356,0.85595673,-0.06294094,0.8633242,0.50070924,1.3509257,40.81577422,-96.68551209,318.0,16.0
1477659962987,-0.641646,8.801085,5.104438,0.09105873,0.27163982,0.3209157,-0.73270476,8.529446,4.783522,-0.5625,-50.1875,1.0,3.1250806,-1.0418202,0.12504768,-0.9902786,0.008332421,-0.13884833,-0.124043256,-0.5045809,0.8544071,-0.06294094,0.8633242,0.50070924,1.3509257,40.81577422,-96.68551209,318.0,16.0
1477659963007,-0.641646,8.801085,5.104438,0.09105873,0.27163982,0.3209157,-0.73270476,8.529446,4.783522,-0.25,-50.1875,-0.625,3.1284583,-1.0418202,0.12504768,-0.99069196,0.0066281254,-0.13596174,-0.120697826,-0.5046062,0.8548712,-0.06294094,0.8633242,0.50070924,1.3509257,40.81577422,-96.68551209,318.0,16.0
1477659963026,-0.641646,8.801085,5.104438,0.09105873,0.27163982,0.3209157,-0.73270476,8.529446,4.783522,-0.1875,-50.25,-2.4375,3.1205556,-1.0418202,0.12504768,-0.98970723,0.010615591,-0.14271317,-0.12852307,-0.50453806,0.8537701,-0.06294094,0.8633242,0.50070924,1.3509257,40.81577422,-96.68551209,318.0,16.0
1477659963046,-0.641646,8.801085,5.104438,0.09105873,0.27163982,0.3209157,-0.73270476,8.529446,4.783522,-0.125,-50.0,-4.0625,3.1126242,-1.0418202,0.12504768,-0.9886567,0.014616907,-0.14948018,-0.13636868,-0.504438,0.8526113,-0.06294094,0.8633242,0.50070924,1.3509257,40.81577422,-96.68551209,318.0,16.0
1477659963066,-0.641646,8.801085,5.104438,0.09105873,0.27163982,0.3209157,-0.73270476,8.529446,4.783522,0.0,-49.6875,-5.875,3.1050494,-1.0418202,0.12504768,-0.98759526,0.018437508,-0.15593424,-0.14385365,-0.5043127,0.85145444,-0.06294094,0.8633242,0.50070924,1.3509257,40.81577422,-96.68551209,318.0,16.0
1477659963086,-0.641646,8.801085,5.104438,0.09105873,0.27163982,0.3209157,-0.73270476,8.529446,4.783522,0.3125,-49.3125,-7.4375,3.108189,-1.0418202,0.12504768,-0.9880422,0.016853897,-0.15325996,-0.14075194,-0.5043682,0.85194,-0.06294094,0.8633242,0.50070924,1.3509257,40.81577422,-96.68551209,318.0,16.0
1477659963106,-0.641646,8.801085,5.104438,0.09105873,0.27163982,0.3209157,-0.73270476,8.529446,4.783522,0.5,-49.125,-9.0,3.1048222,-1.0418202,0.12504768,-0.98756266,0.018551989,-0.15612753,-0.14407782,-0.5043086,0.8514191,-0.06294094,0.8633242,0.50070924,1.3509257,40.81577422,-96.68551209,318.0,16.0
1477659963126,-0.641646,8.801085,5.104438,0.09105873,0.27163982,0.3209157,-0.73270476,8.529446,4.783522,0.625,-49.0625,-10.625,3.0964015,-1.0418202,0.12504768,-0.98631436,0.022797998,-0.1632916,-0.15238877,-0.5041344,0.8500742,-0.06294094,0.8633242,0.50070924,1.3509257,40.81577422,-96.68551209,318.0,16.0
1477659963135,-1.541866,7.0485296,7.297527,0.09105873,0.27163982,0.3209157,-0.73270476,8.529446,4.783522,0.625,-49.0625,-10.625,3.0859022,-0.75713646,0.20822366,-0.9689796,0.040455233,-0.24380676,-0.19622496,-0.725679,0.6594586,-0.15024693,0.68684304,0.71110654,1.3509257,40.81577422,-96.68551209,318.0,16.0
1477659963136,-1.541866,7.0485296,7.297527,0.09105873,0.27163982,0.3209157,-1.0765045,6.9611335,6.8230605,0.625,-49.0625,-10.625,3.0859022,-0.75713646,0.20822366,-0.9689796,0.040455233,-0.24380676,-0.19622496,-0.725679,0.6594586,-0.15024693,0.68684304,0.71110654,1.3509257,40.81577422,-96.68551209,318.0,16.0
1477659963135,-1.541866,7.0485296,7.297527,-0.46536148,0.087396145,0.47446632,-1.0765045,6.9611335,6.8230605,0.625,-49.0625,-10.625,3.0859022,-0.75713646,0.20822366,-0.9689796,0.040455233,-0.24380676,-0.19622496,-0.725679,0.6594586,-0.15024693,0.68684304,0.71110654,1.3509257,40.81577422,-96.68551209,318.0,16.0
1477659963132,-1.541866,7.0485296,7.297527,-0.46536148,0.087396145,0.47446632,-1.0765045,6.9611335,6.8230605,0.625,-49.0625,-10.625,3.0859022,-0.75713646,0.20822366,-0.9689796,0.040455233,-0.24380676,-0.19622496,-0.725679,0.6594586,-0.15024693,0.68684304,0.71110654,0.52,40.81574604,-96.68551269,319.0,15.0
1477659963145,-1.541866,7.0485296,7.297527,-0.46536148,0.087396145,0.47446632,-1.0765045,6.9611335,6.8230605,0.9375,-48.875,-11.6875,3.087214,-0.75713646,0.20822366,-0.9692362,0.03950321,-0.24294147,-0.19495365,-0.72573143,0.6597779,-0.15024693,0.68684304,0.71110654,0.52,40.81574604,-96.68551269,319.0,15.0
1477659963165,-1.541866,7.0485296,7.297527,-0.46536148,0.087396145,0.47446632,-1.0765045,6.9611335,6.8230605,1.3125,-48.625,-12.75,3.0908,-0.75713646,0.20822366,-0.9699291,0.036900476,-0.24057388,-0.19147667,-0.7258684,0.6606449,-0.15024693,0.68684304,0.71110654,0.52,40.81574604,-96.68551269,319.0,15.0
1477659963185,-1.541866,7.0485296,7.297527,-0.46536148,0.087396145,0.47446632,-1.0765045,6.9611335,6.8230605,1.75,-48.3125,-13.4375,3.1003687,-0.75713646,0.20822366,-0.9717169,0.029953225,-0.23424146,-0.18218704,-0.72618824,0.6629166,-0.15024693,0.68684304,0.71110654,0.52,40.81574604,-96.68551269,319.0,15.0
1477659963206,-1.541866,7.0485296,7.297527,-0.46536148,0.087396145,0.47446632,-1.0765045,6.9611335,6.8230605,2.0625,-48.5,-14.5,3.1027625,-0.75713646,0.20822366,-0.9721502,0.028214915,-0.232654,-0.17986059,-0.7262579,0.6634754,-0.15024693,0.68684304,0.71110654,0.52,40.81574604,-96.68551269,319.0,15.0
1477659963224,-1.541866,7.0485296,7.297527,-0.46536148,0.087396145,0.47446632,-1.0765045,6.9611335,6.8230605,2.125,-48.4375,-15.3125,3.0974844,-0.75713646,0.20822366,-0.97118735,0.03204779,-0.23615268,-0.18498921,-0.7260989,0.6622382,-0.15024693,0.68684304,0.71110654,0.52,40.81574604,-96.68551269,319.0,15.0
1477659963244,-1.541866,7.0485296,7.297527,-0.46536148,0.087396145,0.47446632,-1.0765045,6.9611335,6.8230605,2.0625,-48.375,-16.0625,3.0875363,-0.75713646,0.20822366,-0.969299,0.0392693,-0.24272883,-0.19464126,-0.7257441,0.6598562,-0.15024693,0.68684304,0.71110654,0.52,40.81574604,-96.68551269,319.0,15.0
1477659963264,-1.541866,7.0485296,7.297527,-0.46536148,0.087396145,0.47446632,-1.0765045,6.9611335,6.8230605,2.0625,-48.3125,-16.6875,3.081018,-0.75713646,0.20822366,-0.96800965,0.04399909,-0.24702482,-0.20095532,-0.72547275,0.6582599,-0.15024693,0.68684304,0.71110654,0.52,40.81574604,-96.68551269,319.0,15.0
1477659963284,-1.541866,7.0485296,7.297527,-0.46536148,0.087396145,0.47446632,-1.0765045,6.9611335,6.8230605,1.875,-48.1875,-16.6875,3.0730934,-0.75713646,0.20822366,-0.9663869,0.04974672,-0.25223348,-0.20862001,-0.72510135,0.6562818,-0.15024693,0.68684304,0.71110654,0.52,40.81574604,-96.68551269,319.0,15.0
1477659963304,-1.541866,7.0485296,7.297527,-0.46536148,0.087396145,0.47446632,-1.0765045,6.9611335,6.8230605,1.625,-48.1875,-17.125,3.0580301,-0.75713646,0.20822366,-0.9631348,0.060663037,-0.26209018,-0.2231527,-0.7242697,0.652408,-0.15024693,0.68684304,0.71110654,0.52,40.81574604,-96.68551269,319.0,15.0
1477659963324,-1.541866,7.0485296,7.297527,-0.46536148,0.087396145,0.47446632,-1.0765045,6.9611335,6.8230605,1.375,-47.9375,-17.625,3.041143,-0.75713646,0.20822366,-0.95922923,0.07288474,-0.27306965,-0.2393848,-0.7231421,0.64788926,-0.15024693,0.68684304,0.71110654,0.52,40.81574604,-96.68551269,319.0,15.0
1477659963332,-0.7757214,7.067683,7.929596,-0.46536148,0.087396145,0.47446632,-1.0765045,6.9611335,6.8230605,1.375,-47.9375,-17.625,3.1271927,-0.72562534,0.0975158,-0.99421555,0.010772069,-0.10686141,-0.07893372,-0.7480072,0.6589802,-0.07283452,0.66360337,0.7445307,0.52,40.81574604,-96.68551269,319.0,15.0
1477659963332,-0.7757214,7.067683,7.929596,-0.46536148,0.087396145,0.47446632,-0.7054998,6.6049643,7.214368,1.375,-47.9375,-17.625,3.1271927,-0.72562534,0.0975158,-0.99421555,0.010772069,-0.10686141,-0.07893372,-0.7480072,0.6589802,-0.07283452,0.66360337,0.7445307,0.52,40.81574604,-96.68551269,319.0,15.0
1477659963331,-0.7757214,7.067683,7.929596,-0.07022154,0.46271896,0.7152281,-0.7054998,6.6049643,7.214368,1.375,-47.9375,-17.625,3.1271927,-0.72562534,0.0975158,-0.99421555,0.010772069,-0.10686141,-0.07893372,-0.7480072,0.6589802,-0.07283452,0.66360337,0.7445307,0.52,40.81574604,-96.68551269,319.0,15.0
1477659963343,-0.7757214,7.067683,7.929596,-0.07022154,0.46271896,0.7152281,-0.7054998,6.6049643,7.214368,1.0625,-48.0,-18.0625,3.112277,-0.72562534,0.0975158,-0.9929277,0.021927383,-0.116678216,-0.093753666,-0.7477633,0.6573131,-0.07283452,0.66360337,0.7445307,0.52,40.81574604,-96.68551269,319.0,15.0
1477659963366,-0.7757214,7.067683,7.929596,-0.07022154,0.46271896,0.7152281,-0.7054998,6.6049643,7.214368,0.6875,-47.875,-18.25,3.0955563,-0.72562534,0.0975158,-0.9912213,0.034426875,-0.12765214,-0.11034226,-0.74729216,0.65527034,-0.07283452,0.66360337,0.7445307,0.52,40.81574604,-96.68551269,319.0,15.0
1477659963383,-0.7757214,7.067683,7.929596,-0.07022154,0.46271896,0.7152281,-0.7054998,6.6049643,7.214368,0.375,-47.875,-18.5,3.0810876,-0.72562534,0.0975158,-0.98952115,0.045235254,-0.13711938,-0.12467192,-0.74671584,0.6533549,-0.07283452,0.66360337,0.7445307,0.52,40.81574604,-96.68551269,319.0,15.0
1477659963403,-0.7757214,7.067683,7.929596,-0.07022154,0.46271896,0.7152281,-0.7054998,6.6049643,7.214368,0.1875,-48.125,-18.5625,3.0734022,-0.72562534,0.0975158,-0.9885338,0.050972667,-0.14213654,-0.132273,-0.7463462,0.65228176,-0.07283452,0.66360337,0.7445307,0.52,40.81574604,-96.68551269,319.0,15.0
1477659963422,-0.7757214,7.067683,7.929596,-0.07022154,0.46271896,0.7152281,-0.7054998,6.6049643,7.214368,0.0,-48.25,-18.3125,3.067442,-0.72562534,0.0975158,-0.9877278,0.055420198,-0.14602181,-0.13816261,-0.7460291,0.65142304,-0.07283452,0.66360337,0.7445307,0.52,40.81574604,-96.68551269,319.0,15.0
1477659963443,-0.7757214,7.067683,7.929596,-0.07022154,0.46271896,0.7152281,-0.7054998,6.6049643,7.214368,-0.4375,-48.25,-18.25,3.049941,-0.72562534,0.0975158,-0.9851587,0.06846728,-0.15739939,-0.15542676,-0.744945,0.6487678,-0.07283452,0.66360337,0.7445307,0.52,40.81574604,-96.68551269,319.0,15.0
1477659963462,-0.7757214,7.067683,7.929596,-0.07022154,0.46271896,0.7152281,-0.7054998,6.6049643,7.214368,-0.4375,-48.25,-17.875,3.0523586,-0.72562534,0.0975158,-0.9855317,0.066666126,-0.1558305,-0.15304463,-0.7451084,0.64914656,-0.07283452,0.66360337,0.7445307,0.52,40.81574604,-96.68551269,319.0,15.0
1477659963482,-0.7757214,7.067683,7.929596,-0.07022154,0.46271896,0.7152281,-0.7054998,6.6049643,7.214368,-0.6875,-48.5625,-17.125,3.0480413,-0.72562534,0.0975158,-0.9848616,0.06988225,-0.15863152,-0.1572979,-0.7448135,0.64846766,-0.07283452,0.66360337,0.7445307,0.52,40.81574604,-96.68551269,319.0,15.0
1477659963502,-0.7757214,7.067683,7.929596,-0.07022154,0.46271896,0.7152281,-0.7054998,6.6049643,7.214368,-1.0,-48.875,-16.25,3.0423875,-0.72562534,0.0975158,-0.9839565,0.07409218,-0.16229531,-0.16286361,-0.74440646,0.64756036,-0.07283452,0.66360337,0.7445307,0.52,40.81574604,-96.68551269,319.0,15.0
1477659963521,-0.7757214,7.067683,7.929596,-0.07022154,0.46271896,0.7152281,-0.7054998,6.6049643,7.214368,-1.25,-49.0,-15.0625,3.0407534,-0.72562534,0.0975158,-0.9836892,0.0753086,-0.16335332,-0.16447137,-0.7442845,0.6472944,-0.07283452,0.66360337,0.7445307,0.52,40.81574604,-96.68551269,319.0,15.0
1477659963530,-0.7661445,8.0924015,5.2863975,-0.07022154,0.46271896,0.7152281,-0.7054998,6.6049643,7.214368,-1.25,-49.0,-15.0625,2.914494,-0.9873682,0.14392544,-0.9372985,0.124033324,-0.3257102,-0.33945295,-0.5367436,0.7724494,-0.0790134,0.83457905,0.5451925,0.52,40.81574604,-96.68551269,319.0,15.0
1477659963529,-0.7661445,8.0924015,5.2863975,-0.07022154,0.46271896,0.7152281,-0.1399737,7.9100094,5.795046,-1.25,-49.0,-15.0625,2.914494,-0.9873682,0.14392544,-0.9372985,0.124033324,-0.3257102,-0.33945295,-0.5367436,0.7724494,-0.0790134,0.83457905,0.5451925,0.52,40.81574604,-96.68551269,319.0,15.0
1477659963530,-0.7661445,8.0924015,5.2863975,-0.6261708,0.18239212,-0.5086484,-0.1399737,7.9100094,5.795046,-1.25,-49.0,-15.0625,2.914494,-0.9873682,0.14392544,-0.9372985,0.124033324,-0.3257102,-0.33945295,-0.5367436,0.7724494,-0.0790134,0.83457905,0.5451925,0.52,40.81574604,-96.68551269,319.0,15.0
1477659963541,-0.7661445,8.0924015,5.2863975,-0.6261708,0.18239212,-0.5086484,-0.1399737,7.9100094,5.795046,-1.5,-49.375,-13.8125,2.9279149,-0.9873682,0.14392544,-0.9417696,0.11681894,-0.31531444,-0.32684365,-0.53835976,0.7767509,-0.0790134,0.83457905,0.5451925,0.52,40.81574604,-96.68551269,319.0,15.0
1477659963562,-0.7661445,8.0924015,5.2863975,-0.6261708,0.18239212,-0.5086484,-0.1399737,7.9100094,5.795046,-1.75,-49.6875,-12.1875,2.9454682,-0.9873682,0.14392544,-0.9473615,0.107351385,-0.30163196,-0.3102629,-0.54032737,0.7821659,-0.0790134,0.83457905,0.5451925,0.52,40.81574604,-96.68551269,319.0,15.0
1477659963581,-0.7661445,8.0924015,5.2863975,-0.6261708,0.18239212,-0.5086484,-0.1399737,7.9100094,5.795046,-2.1875,-49.875,-10.5,2.951374,-0.9873682,0.14392544,-0.9491774,0.10415845,-0.29700735,-0.30466253,-0.5409519,0.78393364,-0.0790134,0.83457905,0.5451925,0.52,40.81574604,-96.68551269,319.0,15.0
1477659963601,-0.7661445,8.0924015,5.2863975,-0.6261708,0.18239212,-0.5086484,-0.1399737,7.9100094,5.795046,-2.5,-50.125,-8.5625,2.9657779,-0.9873682,0.14392544,-0.953467,0.09635605,-0.28568515,-0.29095945,-0.542396,0.78813016,-0.0790134,0.83457905,0.5451925,0.52,40.81574604,-96.68551269,319.0,15.0
1477659963621,-0.7661445,8.0924015,5.2863975,-0.6261708,0.18239212,-0.5086484,-0.1399737,7.9100094,5.795046,-3.0,-50.625,-6.5625,2.9719443,-0.9873682,0.14392544,-0.9552431,0.09300957,-0.28081977,-0.2850744,-0.5429799,0.7898769,-0.0790134,0.83457905,0.5451925,0.52,40.81574604,-96.68551269,319.0,15.0
1477659963641,-0.7661445,8.0924015,5.2863975,-0.6261708,0.18239212,-0.5086484,-0.1399737,7.9100094,5.795046,-3.3125,-50.9375,-4.125,2.9883196,-0.9873682,0.14392544,-0.95978296,0.08410613,-0.26784837,-0.26939467,-0.54443,0.7943692,-0.0790134,0.83457905,0.5451925,0.52,40.81574604,-96.68551269,319.0,15.0
1477659963660,-0.7661445,8.0924015,5.2863975,-0.6261708,0.18239212,-0.5086484,-0.1399737,7.9100094,5.795046,-3.5,-50.9375,-1.5625,3.0067766,-0.9873682,0.14392544,-0.9645915,0.07404377,-0.25314185,-0.25163502,-0.5458896,0.7991774,-0.0790134,0.83457905,0.5451925,0.52,40.81574604,-96.68551269,319.0,15.0
1477659963681,-0.7661445,8.0924015,5.2863975,-0.6261708,0.18239212,-0.5086484,-0.1399737,7.9100094,5.795046,-3.5625,-51.0625,0.875,3.0259802,-0.9873682,0.14392544,-0.9692456,0.06354775,-0.23774907,-0.23306614,-0.54721075,0.803891,-0.0790134,0.83457905,0.5451925,0.52,40.81574604,-96.68551269,319.0,15.0
1477659963700,-0.7661445,8.0924015,5.2863975,-0.6261708,0.18239212,-0.5086484,-0.1399737,7.9100094,5.795046,-3.875,-50.8125,3.5,3.0356658,-0.9873682,0.14392544,-0.97145754,0.058244847,-0.22995198,-0.22366776,-0.5478006,0.806156,-0.0790134,0.83457905,0.5451925,0.52,40.81574604,-96.68551269,319.0,15.0
1477659963720,-0.7661445,8.0924015,5.2863975,-0.6261708,0.18239212,-0.5086484,-0.1399737,7.9100094,5.795046,-4.0625,-50.5,6.125,3.0476995,-0.9873682,0.14392544,-0.9740786,0.051648684,-0.22023444,-0.21196152,-0.5484618,0.80886465,-0.0790134,0.83457905,0.5451925,0.52,40.81574604,-96.68551269,319.0,15.0
1477659963727,0.6799533,9.14585,1.8004397,-0.6261708,0.18239212,-0.5086484,-0.1399737,7.9100094,5.795046,-4.0625,-50.5,6.125,2.7537959,-1.363393,-0.3611003,-0.99678046,0.07786853,-0.01911187,-0.033702858,-0.19062911,0.9810835,0.072752245,0.9785689,0.19263975,0.52,40.81574604,-96.68551269,319.0,15.0
1477659963728,0.6799533,9.14585,1.8004397,-0.6261708,0.18239212,-0.5086484,0.2660848,9.686711,1.505729,-4.0625,-50.5,6.125,2.7537959,-1.363393,-0.3611003,-0.99678046,0.07786853,-0.01911187,-0.033702858,-0.19062911,0.9810835,0.072752245,0.9785689,0.19263975,0.52,40.81574604,-96.68551269,319.0,15.0
1477659963728,0.6799533,9.14585,1.8004397,0.4138685,-0.5408611,0.29471076,0.2660848,9.686711,1.505729,-4.0625,-50.5,6.125,2.7537959,-1.363393,-0.3611003,-0.99678046,0.07786853,-0.01911187,-0.033702858,-0.19062911,0.9810835,0.072752245,0.9785689,0.19263975,0.52,40.81574604,-96.68551269,319.0,15.0
1477659963739,0.6799533,9.14585,1.8004397,0.4138685,-0.5408611,0.29471076,0.2660848,9.686711,1.505729,-4.3125,-50.1875,8.875,2.7417998,-1.363393,-0.3611003,-0.99630445,0.080149636,-0.030879185,-0.04565742,-0.18968132,0.98078364,0.072752245,0.9785689,0.19263975,0.52,40.81574604,-96.68551269,319.0,15.0
1477659963759,0.6799533,9.14585,1.8004397,0.4138685,-0.5408611,0.29471076,0.2660848,9.686711,1.505729,-4.125,-49.8125,11.625,2.7532864,-1.363393,-0.3611003,-0.99676317,0.077965625,-0.019611621,-0.0342106,-0.19058943,0.9810736,0.072752245,0.9785689,0.19263975,0.52,40.81574604,-96.68551269,319.0,15.0
1477659963778,0.6799533,9.14585,1.8004397,0.4138685,-0.5408611,0.29471076,0.2660848,9.686711,1.505729,-4.0,-48.9375,14.1875,2.7578466,-1.363393,-0.3611003,-0.9969087,0.0770957,-0.015137575,-0.029664855,-0.19094296,0.9811527,0.072752245,0.9785689,0.19263975,0.52,40.81574604,-96.68551269,319.0,15.0
1477659963799,0.6799533,9.14585,1.8004397,0.4138685,-0.5408611,0.29471076,0.2660848,9.686711,1.505729,-3.9375,-48.0625,16.375,2.758949,-1.363393,-0.3611003,-0.996941,0.076885134,-0.0140557755,-0.028565679,-0.19102786,0.981169,0.072752245,0.9785689,0.19263975,0.52,40.81574604,-96.68551269,319.0,15.0
1477659963819,0.6799533,9.14585,1.8004397,0.4138685,-0.5408611,0.29471076,0.2660848,9.686711,1.505729,-3.8125,-46.9375,18.75,2.7615519,-1.363393,-0.3611003,-0.9970118,0.07638766,-0.011501972,-0.025970772,-0.19122732,0.98120207,0.072752245,0.9785689,0.19263975,0.52,40.81574604,-96.68551269,319.0,15.0
1477659963839,0.6799533,9.14585,1.8004397,0.4138685,-0.5408611,0.29471076,0.2660848,9.686711,1.505729,-3.6875,-46.0625,21.25,2.7644603,-1.363393,-0.3611003,-0.9970831,0.075831145,-0.008648085,-0.02307084,-0.19144867,0.98123145,0.072752245,0.9785689,0.19263975,0.52,40.81574604,-96.68551269,319.0,15.0
1477659963858,0.6799533,9.14585,1.8004397,0.4138685,-0.5408611,0.29471076,0.2660848,9.686711,1.505729,-3.375,-44.9375,23.75,2.7722106,-1.363393,-0.3611003,-0.997232,0.07434511,-0.0010431351,-0.015342603,-0.19203064,0.981269,0.072752245,0.9785689,0.19263975,0.52,40.81574604,-96.68551269,319.0,15.0
1477659963878,0.6799533,9.14585,1.8004397,0.4138685,-0.5408611,0.29471076,0.2660848,9.686711,1.505729,-3.25,-43.5625,26.1875,2.7729428,-1.363393,-0.3611003,-0.99724305,0.07420453,-3.247878E-4,-0.014612569,-0.19208503,0.9812696,0.072752245,0.9785689,0.19263975,0.52,40.81574604,-96.68551269,319.0,15.0
1477659963898,0.6799533,9.14585,1.8004397,0.4138685,-0.5408611,0.29471076,0.2660848,9.686711,1.505729,-2.6875,-42.25,28.1875,2.7859035,-1.363393,-0.3611003,-0.99734855,0.071708806,0.012392813,-0.0016867453,-0.19303058,0.9811912,0.072752245,0.9785689,0.19263975,0.52,40.81574604,-96.68551269,319.0,15.0
1477659963918,0.6799533,9.14585,1.8004397,0.4138685,-0.5408611,0.29471076,0.2660848,9.686711,1.505729,-2.625,-40.9375,30.0,2.7844508,-1.363393,-0.3611003,-0.99734515,0.07198913,0.01096747,-0.0031355424,-0.19292624,0.9812083,0.072752245,0.9785689,0.19263975,0.52,40.81574604,-96.68551269,319.0,15.0
1477659963926,0.51714754,8.954314,-2.825158,0.4138685,-0.5408611,0.29471076,0.2660848,9.686711,1.505729,-2.625,-40.9375,30.0,0.17394447,-1.2604126,-2.9605463,-0.9984857,0.052859284,-0.015236615,0.0013720607,0.3008149,0.95368147,0.054994315,0.95221645,-0.30043194,0.52,40.81574604,-96.68551269,319.0,15.0
1477659963926,0.51714754,8.954314,-2.825158,0.4138685,-0.5408611,0.29471076,0.2510754,9.426622,-2.6918743,-2.625,-40.9375,30.0,0.17394447,-1.2604126,-2.9605463,-0.9984857,0.052859284,-0.015236615,0.0013720607,0.3008149,0.95368147,0.054994315,0.95221645,-0.30043194,0.52,40.81574604,-96.68551269,319.0,15.0
1477659963925,0.51714754,8.954314,-2.825158,0.26607215,-0.47230816,-0.13328385,0.2510754,9.426622,-2.6918743,-2.625,-40.9375,30.0,0.17394447,-1.2604126,-2.9605463,-0.9984857,0.052859284,-0.015236615,0.0013720607,0.3008149,0.95368147,0.054994315,0.95221645,-0.30043194,0.52,40.81574604,-96.68551269,319.0,15.0
1477659963937,0.51714754,8.954314,-2.825158,0.26607215,-0.47230816,-0.13328385,0.2510754,9.426622,-2.6918743,-2.375,-39.625,32.0625,0.18529087,-1.2604126,-2.9605463,-0.9984058,0.056268975,-0.0044149957,0.012700966,0.30019578,0.9537929,0.054994315,0.95221645,-0.30043194,0.52,40.81574604,-96.68551269,319.0,15.0
1477659963957,0.51714754,8.954314,-2.825158,0.26607215,-0.47230816,-0.13328385,0.2510754,9.426622,-2.6918743,-2.4375,-38.3125,34.125,0.17924087,-1.2604126,-2.9605463,-0.99846447,0.054451775,-0.010185296,0.0066604456,0.30053076,0.9537488,0.054994315,0.95221645,-0.30043194,0.52,40.81574604,-96.68551269,319.0,15.0
1477659963977,0.51714754,8.954314,-2.825158,0.26607215,-0.47230816,-0.13328385,0.2510754,9.426622,-2.6918743,-2.5,-37.125,36.125,0.17465788,-1.2604126,-2.9605463,-0.9984845,0.05307388,-0.014556226,0.0020844098,0.30077714,0.95369214,0.054994315,0.95221645,-0.30043194,0.52,40.81574604,-96.68551269,319.0,15.0
1477659963997,0.51714754,8.954314,-2.825158,0.26607215,-0.47230816,-0.13328385,0.2510754,9.426622,-2.6918743,-2.375,-35.75,37.8125,0.17767707,-1.2604126,-2.9605463,-0.9984737,0.05398174,-0.011676768,0.0050990283,0.30061555,0.9537318,0.054994315,0.95221645,-0.30043194,0.52,40.81574604,-96.68551269,319.0,15.0
1477659964017,0.51714754,8.954314,-2.825158,0.26607215,-0.47230816,-0.13328385,0.2510754,9.426622,-2.6918743,-2.25,-34.25,39.0625,0.17984547,-1.2604126,-2.9605463,-0.99846023,0.054633465,-0.009608692,0.007264084,0.30049777,0.9537548,0.054994315,0.95221645,-0.30043194,0.52,40.81574604,-96.68551269,319.0,15.0
1477659964037,0.51714754,8.954314,-2.825158,0.26607215,-0.47230816,-0.13328385,0.2510754,9.426622,-2.6918743,-2.125,-33.0,40.1875,0.18221633,-1.2604126,-2.9605463,-0.99844015,0.055345744,-0.0073474594,0.009631257,0.30036736,0.9537748,0.054994315,0.95221645,-0.30043194,0.52,40.81574604,-96.68551269,319.0,15.0
