timestamp, accx, accy, accz, laccx, laccy, laccz, gravx, gravy, gravz, magfieldx, magfieldy, magfieldz, anglex, angley, anglez, rot0, rot1, rot2, rot3, rot4, rot5, rot6, rot7, rot8, speedgps, latgps, longps, altgps, accgps
1477659932849,0.0,0.0,0.0,0.0,0.0,0.0,0.0,0.0,0.0,-4.3125,-52.6875,36.625,0.0,-0.0,-0.0,0.0,0.0,0.0,0.0,0.0,0.0,0.0,0.0,0.0,0.0,0.0,0.0,0.0,0.0
1477659932869,0.0,0.0,0.0,0.0,0.0,0.0,0.0,0.0,0.0,-4.5625,-52.8125,36.5625,0.0,-0.0,-0.0,0.0,0.0,0.0,0.0,0.0,0.0,0.0,0.0,0.0,0.0,0.0,0.0,0.0,0.0
1477659932908,0.0,0.0,0.0,0.0,0.0,0.0,0.0,0.0,0.0,-4.75,-52.75,36.5,0.0,-0.0,-0.0,0.0,0.0,0.0,0.0,0.0,0.0,0.0,0.0,0.0,0.0,0.0,0.0,0.0,0.0
1477659932928,0.0,0.0,0.0,0.0,0.0,0.0,0.0,0.0,0.0,-4.625,-52.75,36.75,0.0,-0.0,-0.0,0.0,0.0,0.0,0.0,0.0,0.0,0.0,0.0,0.0,0.0,0.0,0.0,0.0,0.0
1477659932949,0.0,0.0,0.0,0.0,0.0,0.0,0.0,0.0,0.0,-4.4375,-52.9375,36.8125,0.0,-0.0,-0.0,0.0,0.0,0.0,0.0,0.0,0.0,0.0,0.0,0.0,0.0,0.0,0.0,0.0,0.0
1477659932968,0.0,0.0,0.0,0.0,0.0,0.0,0.0,0.0,0.0,-4.25,-53.0625,36.8125,0.0,-0.0,-0.0,0.0,0.0,0.0,0.0,0.0,0.0,0.0,0.0,0.0,0.0,0.0,0.0,0.0,0.0
1477659932987,0.0,0.0,0.0,0.0,0.0,0.0,0.0,0.0,0.0,-4.25,-52.9375,36.8125,0.0,-0.0,-0.0,0.0,0.0,0.0,0.0,0.0,0.0,0.0,0.0,0.0,0.0,0.0,0.0,0.0,0.0
1477659933007,0.0,0.0,0.0,0.0,0.0,0.0,0.0,0.0,0.0,-4.125,-53.1875,36.6875,0.0,-0.0,-0.0,0.0,0.0,0.0,0.0,0.0,0.0,0.0,0.0,0.0,0.0,0.0,0.0,0.0,0.0
1477659933020,-0.6703765,9.730036,2.5187001,0.0,0.0,0.0,0.0,0.0,0.0,-4.125,-53.1875,36.6875,-3.0308971,-1.3090706,0.26012903,-0.9878879,-0.028583778,-0.15251346,-0.14017244,-0.25716424,0.95614755,-0.06655132,0.9659449,0.2500428,0.0,0.0,0.0,0.0,0.0
1477659933020,-0.6703765,9.730036,2.5187001,0.0,0.0,0.0,-0.6714161,9.504672,2.3196495,-4.125,-53.1875,36.6875,-3.0308971,-1.3090706,0.26012903,-0.9878879,-0.028583778,-0.15251346,-0.14017244,-0.25716424,0.95614755,-0.06655132,0.9659449,0.2500428,0.0,0.0,0.0,0.0,0.0
1477659933021,-0.6703765,9.730036,2.5187001,0.0010396242,0.22536373,0.19905066,-0.6714161,9.504672,2.3196495,-4.125,-53.1875,36.6875,-3.0308971,-1.3090706,0.26012903,-0.9878879,-0.028583778,-0.15251346,-0.14017244,-0.25716424,0.95614755,-0.06655132,0.9659449,0.2500428,0.0,0.0,0.0,0.0,0.0
1477659933027,-0.6703765,9.730036,2.5187001,0.0010396242,0.22536373,0.19905066,-0.6714161,9.504672,2.3196495,-4.0625,-53.375,36.5625,-3.0301394,-1.3090706,0.26012903,-0.9879939,-0.028778614,-0.15178896,-0.13942388,-0.2571425,0.95626295,-0.06655132,0.9659449,0.2500428,0.0,0.0,0.0,0.0,0.0
1477659933048,-0.6703765,9.730036,2.5187001,0.0010396242,0.22536373,0.19905066,-0.6714161,9.504672,2.3196495,-4.1875,-53.4375,36.5,-3.0328774,-1.3090706,0.26012903,-0.98760843,-0.028074473,-0.15440658,-0.14212842,-0.25722033,0.9558437,-0.06655132,0.9659449,0.2500428,0.0,0.0,0.0,0.0,0.0
1477659933068,-0.6703765,9.730036,2.5187001,0.0010396242,0.22536373,0.19905066,-0.6714161,9.504672,2.3196495,-4.125,-53.8125,36.3125,-3.0324247,-1.3090706,0.26012903,-0.9876726,-0.02819092,-0.15397379,-0.14168125,-0.2572076,0.9559134,-0.06655132,0.9659449,0.2500428,0.0,0.0,0.0,0.0,0.0
1477659933087,-0.6703765,9.730036,2.5187001,0.0010396242,0.22536373,0.19905066,-0.6714161,9.504672,2.3196495,-4.375,-53.8125,36.1875,-3.0378506,-1.3090706,0.26012903,-0.98688936,-0.0267949,-0.1591583,-0.14703828,-0.25735676,0.955064,-0.06655132,0.9659449,0.2500428,0.0,0.0,0.0,0.0,0.0
1477659933110,-0.6703765,9.730036,2.5187001,0.0010396242,0.22536373,0.19905066,-0.6714161,9.504672,2.3196495,-4.5,-53.75,36.0625,-3.0407438,-1.3090706,0.26012903,-0.9864599,-0.02605022,-0.1619208,-0.1498929,-0.25743324,0.95459956,-0.06655132,0.9659449,0.2500428,0.0,0.0,0.0,0.0,0.0
1477659933126,-0.6703765,9.730036,2.5187001,0.0010396242,0.22536373,0.19905066,-0.6714161,9.504672,2.3196495,-4.625,-53.75,36.125,-3.0430532,-1.3090706,0.26012903,-0.98611104,-0.025455678,-0.16412474,-0.15217045,-0.2574927,0.954223,-0.06655132,0.9659449,0.2500428,0.0,0.0,0.0,0.0,0.0
1477659933147,-0.6703765,9.730036,2.5187001,0.0010396242,0.22536373,0.19905066,-0.6714161,9.504672,2.3196495,-4.5625,-53.75,36.1875,-3.0415878,-1.3090706,0.26012903,-0.98633295,-0.025832921,-0.16272646,-0.15072545,-0.2574551,0.9544625,-0.06655132,0.9659449,0.2500428,0.0,0.0,0.0,0.0,0.0
1477659933166,-0.6703765,9.730036,2.5187001,0.0010396242,0.22536373,0.19905066,-0.6714161,9.504672,2.3196495,-4.625,-53.5,36.375,-3.0420895,-1.3090706,0.26012903,-0.98625726,-0.025703767,-0.16320527,-0.15122026,-0.25746804,0.95438075,-0.06655132,0.9659449,0.2500428,0.0,0.0,0.0,0.0,0.0
1477659933186,-0.6703765,9.730036,2.5187001,0.0010396242,0.22536373,0.19905066,-0.6714161,9.504672,2.3196495,-4.6875,-53.375,36.375,-3.043278,-1.3090706,0.26012903,-0.9860768,-0.025397781,-0.16433929,-0.15239216,-0.25749838,0.9541861,-0.06655132,0.9659449,0.2500428,0.0,0.0,0.0,0.0,0.0
1477659933205,-0.6703765,9.730036,2.5187001,0.0010396242,0.22536373,0.19905066,-0.6714161,9.504672,2.3196495,-4.5625,-53.5,36.4375,-3.0406306,-1.3090706,0.26012903,-0.9864767,-0.026079386,-0.16181262,-0.14978111,-0.25743023,0.9546178,-0.06655132,0.9659449,0.2500428,0.0,0.0,0.0,0.0,0.0
1477659933219,-0.6703765,9.749189,2.834735,0.0010396242,0.22536373,0.19905066,-0.6714161,9.504672,2.3196495,-4.5625,-53.5,36.4375,-3.0633066,-1.2804536,0.23222019,-0.9874223,-0.022388894,-0.15651238,-0.14372422,-0.28540403,0.9475696,-0.06588429,0.9581458,0.27859643,0.0,0.0,0.0,0.0,0.0
1477659933219,-0.6703765,9.749189,2.834735,0.0010396242,0.22536373,0.19905066,-0.5364298,9.507936,2.3413212,-4.5625,-53.5,36.4375,-3.0633066,-1.2804536,0.23222019,-0.9874223,-0.022388894,-0.15651238,-0.14372422,-0.28540403,0.9475696,-0.06588429,0.9581458,0.27859643,0.0,0.0,0.0,0.0,0.0
1477659933219,-0.6703765,9.749189,2.834735,-0.13394666,0.24125385,0.4934137,-0.5364298,9.507936,2.3413212,-4.5625,-53.5,36.4375,-3.0633066,-1.2804536,0.23222019,-0.9874223,-0.022388894,-0.15651238,-0.14372422,-0.28540403,0.9475696,-0.06588429,0.9581458,0.27859643,0.0,0.0,0.0,0.0,0.0
1477659933225,-0.6703765,9.749189,2.834735,-0.13394666,0.24125385,0.4934137,-0.5364298,9.507936,2.3413212,-4.625,-53.375,36.5,-3.0642798,-1.2804536,0.23222019,-0.9872819,-0.02211112,-0.15743452,-0.14468515,-0.2854257,0.94741684,-0.06588429,0.9581458,0.27859643,0.0,0.0,0.0,0.0,0.0
1477659933245,-0.6703765,9.749189,2.834735,-0.13394666,0.24125385,0.4934137,-0.5364298,9.507936,2.3413212,-4.5625,-53.3125,36.5625,-3.0628364,-1.2804536,0.23222019,-0.98748976,-0.022523135,-0.15606664,-0.14325973,-0.28539345,0.9476431,-0.06588429,0.9581458,0.27859643,0.0,0.0,0.0,0.0,0.0
1477659933285,-0.6703765,9.749189,2.834735,-0.13394666,0.24125385,0.4934137,-0.5364298,9.507936,2.3413212,-4.8125,-53.375,36.5625,-3.067746,-1.2804536,0.23222019,-0.98677456,-0.02112172,-0.16071723,-0.1481061,-0.28550062,0.9468655,-0.06588429,0.9581458,0.27859643,0.0,0.0,0.0,0.0,0.0
1477659933306,-0.6703765,9.749189,2.834735,-0.13394666,0.24125385,0.4934137,-0.5364298,9.507936,2.3413212,-5.25,-53.125,36.6875,-3.075763,-1.2804536,0.23222019,-0.98555535,-0.018832147,-0.1683032,-0.15601245,-0.28566074,0.94554645,-0.06588429,0.9581458,0.27859643,0.0,0.0,0.0,0.0,0.0
1477659933324,-0.6703765,9.749189,2.834735,-0.13394666,0.24125385,0.4934137,-0.5364298,9.507936,2.3413212,-5.3125,-53.25,36.625,-3.0772326,-1.2804536,0.23222019,-0.98532504,-0.018412298,-0.16969268,-0.15746072,-0.2856881,0.94529814,-0.06588429,0.9581458,0.27859643,0.0,0.0,0.0,0.0,0.0
1477659933344,-0.6703765,9.749189,2.834735,-0.13394666,0.24125385,0.4934137,-0.5364298,9.507936,2.3413212,-5.75,-53.25,37.0,-3.084424,-1.2804536,0.23222019,-0.9841672,-0.01635735,-0.17648622,-0.16454244,-0.28581315,0.9440534,-0.06588429,0.9581458,0.27859643,0.0,0.0,0.0,0.0,0.0
1477659933364,-0.6703765,9.749189,2.834735,-0.13394666,0.24125385,0.4934137,-0.5364298,9.507936,2.3413212,-6.125,-52.9375,37.0625,-3.0913267,-1.2804536,0.23222019,-0.983008,-0.014384092,-0.1829985,-0.17133188,-0.28591928,0.94281274,-0.06588429,0.9581458,0.27859643,0.0,0.0,0.0,0.0,0.0
1477659933385,-0.6703765,9.749189,2.834735,-0.13394666,0.24125385,0.4934137,-0.5364298,9.507936,2.3413212,-6.5625,-52.9375,37.4375,-3.0983372,-1.2804536,0.23222019,-0.98178273,-0.012379334,-0.18960348,-0.17821893,-0.28601304,0.9415066,-0.06588429,0.9581458,0.27859643,0.0,0.0,0.0,0.0,0.0
1477659933404,-0.6703765,9.749189,2.834735,-0.13394666,0.24125385,0.4934137,-0.5364298,9.507936,2.3413212,-7.1875,-53.0625,37.375,-3.1104772,-1.2804536,0.23222019,-0.97954684,-0.008906337,-0.201019,-0.19012424,-0.28614226,0.9391355,-0.06588429,0.9581458,0.27859643,0.0,0.0,0.0,0.0,0.0
1477659933417,0.60333884,9.873688,2.0685902,-0.13394666,0.24125385,0.4934137,-0.5364298,9.507936,2.3413212,-7.1875,-53.0625,37.375,2.768798,-1.3559304,-0.28379413,-0.993697,0.07765754,-0.08084265,-0.09487922,-0.19857125,0.9754832,0.059700597,0.977005,0.20468774,0.0,0.0,0.0,0.0,0.0
1477659933416,0.60333884,9.873688,2.0685902,-0.13394666,0.24125385,0.4934137,0.5332572,9.522079,2.283861,-7.1875,-53.0625,37.375,2.768798,-1.3559304,-0.28379413,-0.993697,0.07765754,-0.08084265,-0.09487922,-0.19857125,0.9754832,0.059700597,0.977005,0.20468774,0.0,0.0,0.0,0.0,0.0
1477659933417,0.60333884,9.873688,2.0685902,0.07008165,0.35160828,-0.21527076,0.5332572,9.522079,2.283861,-7.1875,-53.0625,37.375,2.768798,-1.3559304,-0.28379413,-0.993697,0.07765754,-0.08084265,-0.09487922,-0.19857125,0.9754832,0.059700597,0.977005,0.20468774,0.0,0.0,0.0,0.0,0.0
1477659933424,0.60333884,9.873688,2.0685902,0.07008165,0.35160828,-0.21527076,0.5332572,9.522079,2.283861,-7.875,-53.0,37.6875,2.7550018,-1.3559304,-0.28379413,-0.99229354,0.080389656,-0.094292805,-0.10857932,-0.19748099,0.97427505,0.059700597,0.977005,0.20468774,0.0,0.0,0.0,0.0,0.0
1477659933443,0.60333884,9.873688,2.0685902,0.07008165,0.35160828,-0.21527076,0.5332572,9.522079,2.283861,-8.5,-52.75,37.6875,2.7416794,-1.3559304,-0.28379413,-0.99075896,0.08301335,-0.10726361,-0.1217889,-0.19639252,0.9729324,0.059700597,0.977005,0.20468774,0.0,0.0,0.0,0.0,0.0
1477659933463,0.60333884,9.873688,2.0685902,0.07008165,0.35160828,-0.21527076,0.5332572,9.522079,2.283861,-8.875,-52.875,37.5625,2.733878,-1.3559304,-0.28379413,-0.98977864,0.08454295,-0.114850625,-0.12951455,-0.19573891,0.9720659,0.059700597,0.977005,0.20468774,0.0,0.0,0.0,0.0,0.0
1477659933484,0.60333884,9.873688,2.0685902,0.07008165,0.35160828,-0.21527076,0.5332572,9.522079,2.283861,-9.5,-52.5625,37.5625,2.7204494,-1.3559304,-0.28379413,-0.9879503,0.08716371,-0.12789312,-0.14279357,-0.19458602,0.97043616,0.059700597,0.977005,0.20468774,0.0,0.0,0.0,0.0,0.0
1477659933503,0.60333884,9.873688,2.0685902,0.07008165,0.35160828,-0.21527076,0.5332572,9.522079,2.283861,-10.0,-52.4375,37.5625,2.70995,-1.3559304,-0.28379413,-0.9863966,0.08920191,-0.13807495,-0.15315846,-0.19366014,0.96903986,0.059700597,0.977005,0.20468774,0.0,0.0,0.0,0.0,0.0
1477659933523,0.60333884,9.873688,2.0685902,0.07008165,0.35160828,-0.21527076,0.5332572,9.522079,2.283861,-10.75,-52.5,37.4375,2.6943254,-1.3559304,-0.28379413,-0.98388326,0.09221678,-0.15319839,-0.16855124,-0.19224282,0.9667643,0.059700597,0.977005,0.20468774,0.0,0.0,0.0,0.0,0.0
1477659933543,0.60333884,9.873688,2.0685902,0.07008165,0.35160828,-0.21527076,0.5332572,9.522079,2.283861,-11.5,-52.3125,37.3125,2.6782172,-1.3559304,-0.28379413,-0.9810407,0.09530139,-0.16875078,-0.18437737,-0.19073248,0.96417123,0.059700597,0.977005,0.20468774,0.0,0.0,0.0,0.0,0.0
1477659933562,0.60333884,9.873688,2.0685902,0.07008165,0.35160828,-0.21527076,0.5332572,9.522079,2.283861,-12.0,-51.9375,37.6875,2.6686628,-1.3559304,-0.28379413,-0.97923434,0.09711934,-0.17795496,-0.19374202,-0.18981324,0.96251494,0.059700597,0.977005,0.20468774,0.0,0.0,0.0,0.0,0.0
1477659933582,0.60333884,9.873688,2.0685902,0.07008165,0.35160828,-0.21527076,0.5332572,9.522079,2.283861,-12.875,-51.75,37.375,2.6493936,-1.3559304,-0.28379413,-0.9753195,0.10075863,-0.19646768,-0.21257396,-0.18790671,0.9589074,0.059700597,0.977005,0.20468774,0.0,0.0,0.0,0.0,0.0
1477659933602,0.60333884,9.873688,2.0685902,0.07008165,0.35160828,-0.21527076,0.5332572,9.522079,2.283861,-13.625,-51.875,37.375,2.634567,-1.3559304,-0.28379413,-0.9720607,0.10353348,-0.21066293,-0.22701077,-0.1863922,0.95588917,0.059700597,0.977005,0.20468774,0.0,0.0,0.0,0.0,0.0
1477659933614,2.0111294,9.797073,2.0973208,0.07008165,0.35160828,-0.21527076,0.5332572,9.522079,2.283861,-13.625,-51.875,37.375,2.2948904,-1.2824674,-0.7644222,-0.9752148,0.213007,-0.05986789,-0.10111396,-0.18837008,0.97687906,0.19680476,0.9587204,0.20523927,0.0,0.0,0.0,0.0,0.0
1477659933614,2.0111294,9.797073,2.0973208,0.07008165,0.35160828,-0.21527076,1.9849534,9.325668,2.2939603,-13.625,-51.875,37.375,2.2948904,-1.2824674,-0.7644222,-0.9752148,0.213007,-0.05986789,-0.10111396,-0.18837008,0.97687906,0.19680476,0.9587204,0.20523927,0.0,0.0,0.0,0.0,0.0
1477659933615,2.0111294,9.797073,2.0973208,0.026175976,0.47140503,-0.19663954,1.9849534,9.325668,2.2939603,-13.625,-51.875,37.375,2.2948904,-1.2824674,-0.7644222,-0.9752148,0.213007,-0.05986789,-0.10111396,-0.18837008,0.97687906,0.19680476,0.9587204,0.20523927,0.0,0.0,0.0,0.0,0.0
1477659933621,2.0111294,9.797073,2.0973208,0.026175976,0.47140503,-0.19663954,1.9849534,9.325668,2.2939603,-14.5625,-51.75,37.25,2.2749732,-1.2824674,-0.7644222,-0.9730075,0.21671632,-0.079311475,-0.120516226,-0.18409047,0.97549295,0.19680476,0.9587204,0.20523927,0.0,0.0,0.0,0.0,0.0
1477659933641,2.0111294,9.797073,2.0973208,0.026175976,0.47140503,-0.19663954,1.9849534,9.325668,2.2939603,-15.375,-51.75,37.0625,2.2580302,-1.2824674,-0.7644222,-0.97082615,0.21980411,-0.095827036,-0.13698377,-0.18039243,0.97400934,0.19680476,0.9587204,0.20523927,0.0,0.0,0.0,0.0,0.0
1477659933661,2.0111294,9.797073,2.0973208,0.026175976,0.47140503,-0.19663954,1.9849534,9.325668,2.2939603,-16.4375,-51.8125,36.6875,2.2357721,-1.2824674,-0.7644222,-0.967537,0.22376457,-0.11748114,-0.15855685,-0.17545573,0.97163534,0.19680476,0.9587204,0.20523927,0.0,0.0,0.0,0.0,0.0
1477659933681,2.0111294,9.797073,2.0973208,0.026175976,0.47140503,-0.19663954,1.9849534,9.325668,2.2939603,-17.1875,-51.625,36.625,2.2194138,-1.2824674,-0.7644222,-0.9648138,0.22660464,-0.13335901,-0.17436218,-0.171772,0.9695835,0.19680476,0.9587204,0.20523927,0.0,0.0,0.0,0.0,0.0
1477659933701,2.0111294,9.797073,2.0973208,0.026175976,0.47140503,-0.19663954,1.9849534,9.325668,2.2939603,-17.875,-51.5625,36.4375,2.2045643,-1.2824674,-0.7644222,-0.9621183,0.22913027,-0.14774162,-0.18866943,-0.16838822,0.9674964,0.19680476,0.9587204,0.20523927,0.0,0.0,0.0,0.0,0.0
1477659933721,2.0111294,9.797073,2.0973208,0.026175976,0.47140503,-0.19663954,1.9849534,9.325668,2.2939603,-18.8125,-51.75,35.8125,2.1842873,-1.2824674,-0.7644222,-0.95809525,0.23249735,-0.16732787,-0.20813823,-0.16370784,0.964302,0.19680476,0.9587204,0.20523927,0.0,0.0,0.0,0.0,0.0
1477659933740,2.0111294,9.797073,2.0973208,0.026175976,0.47140503,-0.19663954,1.9849534,9.325668,2.2939603,-19.6875,-51.875,35.625,2.1663816,-1.2824674,-0.7644222,-0.954215,0.23539123,-0.18456663,-0.2252593,-0.1595188,0.9611515,0.19680476,0.9587204,0.20523927,0.0,0.0,0.0,0.0,0.0
1477659933760,2.0111294,9.797073,2.0973208,0.026175976,0.47140503,-0.19663954,1.9849534,9.325668,2.2939603,-20.5625,-51.6875,35.125,2.1455567,-1.2824674,-0.7644222,-0.94931734,0.2386619,-0.20454097,-0.24508038,-0.15458256,0.9570997,0.19680476,0.9587204,0.20523927,0.0,0.0,0.0,0.0,0.0
1477659933781,2.0111294,9.797073,2.0973208,0.026175976,0.47140503,-0.19663954,1.9849534,9.325668,2.2939603,-21.25,-51.4375,34.9375,2.1294487,-1.2824674,-0.7644222,-0.9452466,0.24112085,-0.21993089,-0.26033968,-0.15071827,0.9536809,0.19680476,0.9587204,0.20523927,0.0,0.0,0.0,0.0,0.0
1477659933800,2.0111294,9.797073,2.0973208,0.026175976,0.47140503,-0.19663954,1.9849534,9.325668,2.2939603,-22.1875,-51.1875,34.6875,2.107949,-1.2824674,-0.7644222,-0.93943137,0.24430527,-0.24038221,-0.28060034,-0.14549986,0.94873244,0.19680476,0.9587204,0.20523927,0.0,0.0,0.0,0.0,0.0
1477659933814,2.9975405,9.126697,2.7868507,0.026175976,0.47140503,-0.19663954,1.9849534,9.325668,2.2939603,-22.1875,-51.1875,34.6875,2.1700184,-1.1492296,-0.8218059,-0.9358567,0.3378991,-0.09998163,-0.1853728,-0.23078358,0.9551837,0.29968157,0.912449,0.2786177,0.0,0.0,0.0,0.0,0.0
1477659933813,2.9975405,9.126697,2.7868507,0.026175976,0.47140503,-0.19663954,2.96633,9.037827,2.3851538,-22.1875,-51.1875,34.6875,2.1700184,-1.1492296,-0.8218059,-0.9358567,0.3378991,-0.09998163,-0.1853728,-0.23078358,0.9551837,0.29968157,0.912449,0.2786177,0.0,0.0,0.0,0.0,0.0
1477659933813,2.9975405,9.126697,2.7868507,0.031210423,0.08887005,0.40169692,2.96633,9.037827,2.3851538,-22.1875,-51.1875,34.6875,2.1700184,-1.1492296,-0.8218059,-0.9358567,0.3378991,-0.09998163,-0.1853728,-0.23078358,0.9551837,0.29968157,0.912449,0.2786177,0.0,0.0,0.0,0.0,0.0
1477659933820,2.9975405,9.126697,2.7868507,0.031210423,0.08887005,0.40169692,2.96633,9.037827,2.3851538,-22.625,-50.9375,34.625,2.1598163,-1.1492296,-0.8218059,-0.9339168,0.34023598,-0.10972127,-0.19491084,-0.22732434,0.9541139,0.29968157,0.912449,0.2786177,0.0,0.0,0.0,0.0,0.0
1477659933840,2.9975405,9.126697,2.7868507,0.031210423,0.08887005,0.40169692,2.96633,9.037827,2.3851538,-23.125,-50.6875,34.6875,2.1487195,-1.1492296,-0.8218059,-0.93169653,0.34273756,-0.12030192,-0.20526212,-0.2235349,0.9528377,0.29968157,0.912449,0.2786177,0.0,0.0,0.0,0.0,0.0
1477659933860,2.9975405,9.126697,2.7868507,0.031210423,0.08887005,0.40169692,2.96633,9.037827,2.3851538,-23.5,-50.75,34.75,2.142217,-1.1492296,-0.8218059,-0.9303421,0.3441838,-0.12649523,-0.21131614,-0.2213015,0.95203525,0.29968157,0.912449,0.2786177,0.0,0.0,0.0,0.0,0.0
1477659933900,2.9975405,9.126697,2.7868507,0.031210423,0.08887005,0.40169692,2.96633,9.037827,2.3851538,-24.0,-50.0,35.4375,2.1294587,-1.1492296,-0.8218059,-0.9275705,0.3469792,-0.13863088,-0.22316815,-0.21689245,0.9503441,0.29968157,0.912449,0.2786177,0.0,0.0,0.0,0.0,0.0
1477659933919,2.9975405,9.126697,2.7868507,0.031210423,0.08887005,0.40169692,2.96633,9.037827,2.3851538,-24.0,-49.8125,36.0,2.1297152,-1.1492296,-0.8218059,-0.9276277,0.34692353,-0.1383871,-0.22293022,-0.21698143,0.95037955,0.29968157,0.912449,0.2786177,0.0,0.0,0.0,0.0,0.0
1477659933939,2.9975405,9.126697,2.7868507,0.031210423,0.08887005,0.40169692,2.96633,9.037827,2.3851538,-24.4375,-49.5,36.0625,2.1196961,-1.1492296,-0.8218059,-0.9253476,0.34908003,-0.14790207,-0.23221298,-0.21349469,0.94894534,0.29968157,0.912449,0.2786177,0.0,0.0,0.0,0.0,0.0
1477659933959,2.9975405,9.126697,2.7868507,0.031210423,0.08887005,0.40169692,2.96633,9.037827,2.3851538,-24.625,-49.375,36.3125,2.1161437,-1.1492296,-0.8218059,-0.9245169,0.34983626,-0.151272,-0.23549855,-0.21225335,0.948414,0.29968157,0.912449,0.2786177,0.0,0.0,0.0,0.0,0.0
1477659933979,2.9975405,9.126697,2.7868507,0.031210423,0.08887005,0.40169692,2.96633,9.037827,2.3851538,-25.125,-48.9375,36.625,2.105015,-1.1492296,-0.8218059,-0.92183876,0.35217664,-0.16181721,-0.2457726,-0.20834698,0.9466717,0.29968157,0.912449,0.2786177,0.0,0.0,0.0,0.0,0.0
1477659933998,2.9975405,9.126697,2.7868507,0.031210423,0.08887005,0.40169692,2.96633,9.037827,2.3851538,-25.5625,-48.5625,36.6875,2.0947425,-1.1492296,-0.8218059,-0.9192655,0.35429823,-0.171533,-0.25522888,-0.20471838,0.9449596,0.29968157,0.912449,0.2786177,0.0,0.0,0.0,0.0,0.0
1477659934011,4.3287168,9.088389,2.6719291,0.031210423,0.08887005,0.40169692,2.96633,9.037827,2.3851538,-25.5625,-48.5625,36.6875,2.020549,-1.060522,-1.0177847,-0.89705205,0.4398459,-0.04281784,-0.15020224,-0.21233572,0.9655843,0.41561642,0.8726105,0.256542,0.0,0.0,0.0,0.0,0.0
1477659934011,4.3287168,9.088389,2.6719291,0.031210423,0.08887005,0.40169692,4.075542,8.614551,2.3129747,-25.5625,-48.5625,36.6875,2.020549,-1.060522,-1.0177847,-0.89705205,0.4398459,-0.04281784,-0.15020224,-0.21233572,0.9655843,0.41561642,0.8726105,0.256542,0.0,0.0,0.0,0.0,0.0
1477659934011,4.3287168,9.088389,2.6719291,0.25317478,0.4738388,0.35895443,4.075542,8.614551,2.3129747,-25.5625,-48.5625,36.6875,2.020549,-1.060522,-1.0177847,-0.89705205,0.4398459,-0.04281784,-0.15020224,-0.21233572,0.9655843,0.41561642,0.8726105,0.256542,0.0,0.0,0.0,0.0,0.0
1477659934018,4.3287168,9.088389,2.6719291,0.25317478,0.4738388,0.35895443,4.075542,8.614551,2.3129747,-26.25,-48.1875,36.9375,2.0050821,-1.060522,-1.0177847,-0.8946216,0.4430773,-0.057746947,-0.16405854,-0.20550743,0.96480644,0.41561642,0.8726105,0.256542,0.0,0.0,0.0,0.0,0.0
1477659934038,4.3287168,9.088389,2.6719291,0.25317478,0.4738388,0.35895443,4.075542,8.614551,2.3129747,-27.0625,-47.75,36.9375,1.9866291,-1.060522,-1.0177847,-0.89144206,0.44679382,-0.0755396,-0.18053803,-0.19729683,0.96357656,0.41561642,0.8726105,0.256542,0.0,0.0,0.0,0.0,0.0
1477659934058,4.3287168,9.088389,2.6719291,0.25317478,0.4738388,0.35895443,4.075542,8.614551,2.3129747,-27.75,-47.5,36.9375,1.9721313,-1.060522,-1.0177847,-0.8887312,0.44960725,-0.089501046,-0.1934427,-0.19079876,0.9623803,0.41561642,0.8726105,0.256542,0.0,0.0,0.0,0.0,0.0
1477659934077,4.3287168,9.088389,2.6719291,0.25317478,0.4738388,0.35895443,4.075542,8.614551,2.3129747,-28.5625,-47.125,36.75,1.9539415,-1.060522,-1.0177847,-0.8850655,0.45300317,-0.10699069,-0.20957553,-0.18258938,0.96059304,0.41561642,0.8726105,0.256542,0.0,0.0,0.0,0.0,0.0
1477659934098,4.3287168,9.088389,2.6719291,0.25317478,0.4738388,0.35895443,4.075542,8.614551,2.3129747,-28.9375,-46.8125,37.1875,1.9454653,-1.060522,-1.0177847,-0.88325745,0.4545346,-0.11512901,-0.21706998,-0.17874312,0.95965177,0.41561642,0.8726105,0.256542,0.0,0.0,0.0,0.0,0.0
1477659934118,4.3287168,9.088389,2.6719291,0.25317478,0.4738388,0.35895443,4.075542,8.614551,2.3129747,-29.4375,-46.5625,37.4375,1.935069,-1.060522,-1.0177847,-0.8809531,0.45636833,-0.12509933,-0.22624063,-0.17400812,0.9584031,0.41561642,0.8726105,0.256542,0.0,0.0,0.0,0.0,0.0
1477659934138,4.3287168,9.088389,2.6719291,0.25317478,0.4738388,0.35895443,4.075542,8.614551,2.3129747,-29.75,-46.1875,37.4375,1.9262547,-1.060522,-1.0177847,-0.87892467,0.45788428,-0.13354199,-0.23399669,-0.16997886,0.9572631,0.41561642,0.8726105,0.256542,0.0,0.0,0.0,0.0,0.0
1477659934177,4.3287168,9.088389,2.6719291,0.25317478,0.4738388,0.35895443,4.075542,8.614551,2.3129747,-30.8125,-45.5,37.3125,1.9012837,-1.060522,-1.0177847,-0.87280804,0.4619856,-0.15740176,-0.25586912,-0.15849316,0.95363027,0.41561642,0.8726105,0.256542,0.0,0.0,0.0,0.0,0.0
1477659934197,4.3287168,9.088389,2.6719291,0.25317478,0.4738388,0.35895443,4.075542,8.614551,2.3129747,-31.1875,-45.5,37.5,1.8954393,-1.060522,-1.0177847,-0.87129784,0.462904,-0.16297244,-0.2609658,-0.15579046,0.9526942,0.41561642,0.8726105,0.256542,0.0,0.0,0.0,0.0,0.0
1477659934210,4.9799395,8.954314,2.2505496,0.25317478,0.4738388,0.35895443,4.075542,8.614551,2.3129747,-31.1875,-45.5,37.5,1.8331605,-1.0228337,-1.1463443,-0.8580378,0.5031221,-0.10314666,-0.19598356,-0.13511574,0.971254,0.47472256,0.8535877,0.21453808,0.0,0.0,0.0,0.0,0.0
1477659934209,4.9799395,8.954314,2.2505496,0.25317478,0.4738388,0.35895443,4.7902393,8.277066,2.1712193,-31.1875,-45.5,37.5,1.8331605,-1.0228337,-1.1463443,-0.8580378,0.5031221,-0.10314666,-0.19598356,-0.13511574,0.971254,0.47472256,0.8535877,0.21453808,0.0,0.0,0.0,0.0,0.0
1477659934210,4.9799395,8.954314,2.2505496,0.18970013,0.677248,0.079330206,4.7902393,8.277066,2.1712193,-31.1875,-45.5,37.5,1.8331605,-1.0228337,-1.1463443,-0.8580378,0.5031221,-0.10314666,-0.19598356,-0.13511574,0.971254,0.47472256,0.8535877,0.21453808,0.0,0.0,0.0,0.0,0.0
1477659934217,4.9799395,8.954314,2.2505496,0.18970013,0.677248,0.079330206,4.7902393,8.277066,2.1712193,-31.5,-45.375,37.5625,1.8265076,-1.0228337,-1.1463443,-0.856715,0.50400984,-0.109606035,-0.20168766,-0.13176554,0.97054625,0.47472256,0.8535877,0.21453808,0.0,0.0,0.0,0.0,0.0
1477659934236,4.9799395,8.954314,2.2505496,0.18970013,0.677248,0.079330206,4.7902393,8.277066,2.1712193,-31.8125,-45.125,37.625,1.8185927,-1.0228337,-1.1463443,-0.8550918,0.50503695,-0.11728419,-0.208462,-0.1277723,0.96964824,0.47472256,0.8535877,0.21453808,0.0,0.0,0.0,0.0,0.0
1477659934256,4.9799395,8.954314,2.2505496,0.18970013,0.677248,0.079330206,4.7902393,8.277066,2.1712193,-32.375,-44.9375,37.375,1.8061782,-1.0228337,-1.1463443,-0.8524381,0.5065842,-0.12931253,-0.2190612,-0.121492855,0.96811765,0.47472256,0.8535877,0.21453808,0.0,0.0,0.0,0.0,0.0
1477659934278,4.9799395,8.954314,2.2505496,0.18970013,0.677248,0.079330206,4.7902393,8.277066,2.1712193,-32.875,-44.9375,37.4375,1.7976285,-1.0228337,-1.1463443,-0.850534,0.50760436,-0.13758484,-0.22634119,-0.1171573,0.96697664,0.47472256,0.8535877,0.21453808,0.0,0.0,0.0,0.0,0.0
1477659934296,4.9799395,8.954314,2.2505496,0.18970013,0.677248,0.079330206,4.7902393,8.277066,2.1712193,-33.1875,-44.6875,37.375,1.7894202,-1.0228337,-1.1463443,-0.84864753,0.508549,-0.14551726,-0.23331487,-0.112986885,0.96581477,0.47472256,0.8535877,0.21453808,0.0,0.0,0.0,0.0,0.0
1477659934316,4.9799395,8.954314,2.2505496,0.18970013,0.677248,0.079330206,4.7902393,8.277066,2.1712193,-33.5,-44.5,37.625,1.7828292,-1.0228337,-1.1463443,-0.84709126,0.50928265,-0.15187989,-0.23890331,-0.10963253,0.96483463,0.47472256,0.8535877,0.21453808,0.0,0.0,0.0,0.0,0.0
1477659934336,4.9799395,8.954314,2.2505496,0.18970013,0.677248,0.079330206,4.7902393,8.277066,2.1712193,-33.5,-44.4375,37.625,1.7821819,-1.0228337,-1.1463443,-0.8469365,0.5093535,-0.15250434,-0.23945156,-0.109302886,0.9647362,0.47472256,0.8535877,0.21453808,0.0,0.0,0.0,0.0,0.0
1477659934356,4.9799395,8.954314,2.2505496,0.18970013,0.677248,0.079330206,4.7902393,8.277066,2.1712193,-33.625,-44.0625,37.5,1.7757403,-1.0228337,-1.1463443,-0.84537643,0.510047,-0.15871565,-0.24490222,-0.10601954,0.96373373,0.47472256,0.8535877,0.21453808,0.0,0.0,0.0,0.0,0.0
1477659934375,4.9799395,8.954314,2.2505496,0.18970013,0.677248,0.079330206,4.7902393,8.277066,2.1712193,-33.5,-43.5625,37.6875,1.7733067,-1.0228337,-1.1463443,-0.84477794,0.51030344,-0.16106042,-0.24695873,-0.10477802,0.9633446,0.47472256,0.8535877,0.21453808,0.0,0.0,0.0,0.0,0.0
1477659934408,4.817134,8.686164,2.0015526,0.18970013,0.677248,0.079330206,4.7902393,8.277066,2.1712193,-33.5,-43.5625,37.6875,1.7433064,-1.0299776,-1.1769938,-0.8457818,0.5071963,-0.16554435,-0.24211305,-0.088374875,0.96621484,0.47543064,0.85728747,0.19754472,0.0,0.0,0.0,0.0,0.0
1477659934408,4.817134,8.686164,2.0015526,0.18970013,0.677248,0.079330206,4.773221,8.306325,2.0956466,-33.5,-43.5625,37.6875,1.7433064,-1.0299776,-1.1769938,-0.8457818,0.5071963,-0.16554435,-0.24211305,-0.088374875,0.96621484,0.47543064,0.85728747,0.19754472,0.0,0.0,0.0,0.0,0.0
1477659934408,4.817134,8.686164,2.0015526,0.043912888,0.37983894,-0.09409404,4.773221,8.306325,2.0956466,-33.5,-43.5625,37.6875,1.7433064,-1.0299776,-1.1769938,-0.8457818,0.5071963,-0.16554435,-0.24211305,-0.088374875,0.96621484,0.47543064,0.85728747,0.19754472,0.0,0.0,0.0,0.0,0.0
1477659934414,4.817134,8.686164,2.0015526,0.043912888,0.37983894,-0.09409404,4.773221,8.306325,2.0956466,-33.25,-43.3125,38.125,1.7465307,-1.0299776,-1.1769938,-0.84655815,0.5069088,-0.16242816,-0.23938477,-0.09000977,0.9667437,0.47543064,0.85728747,0.19754472,0.0,0.0,0.0,0.0,0.0
1477659934434,4.817134,8.686164,2.0015526,0.043912888,0.37983894,-0.09409404,4.773221,8.306325,2.0956466,-33.0,-43.0625,38.3125,1.7488941,-1.0299776,-1.1769938,-0.8471215,0.50669456,-0.16014285,-0.2373833,-0.09120756,0.96712476,0.47543064,0.85728747,0.19754472,0.0,0.0,0.0,0.0,0.0
1477659934454,4.817134,8.686164,2.0015526,0.043912888,0.37983894,-0.09409404,4.773221,8.306325,2.0956466,-32.9375,-43.3125,38.4375,1.752973,-1.0299776,-1.1769938,-0.84808266,0.50631833,-0.15619676,-0.23392604,-0.093273535,0.9677699,0.47543064,0.85728747,0.19754472,0.0,0.0,0.0,0.0,0.0
1477659934474,4.817134,8.686164,2.0015526,0.043912888,0.37983894,-0.09409404,4.773221,8.306325,2.0956466,-32.5625,-43.3125,38.5,1.7596741,-1.0299776,-1.1769938,-0.84963125,0.50568193,-0.14970824,-0.22823781,-0.09666428,0.96879494,0.47543064,0.85728747,0.19754472,0.0,0.0,0.0,0.0,0.0
1477659934494,4.817134,8.686164,2.0015526,0.043912888,0.37983894,-0.09409404,4.773221,8.306325,2.0956466,-32.125,-43.375,38.4375,1.7677529,-1.0299776,-1.1769938,-0.85144734,0.5048845,-0.14187664,-0.22136633,-0.10074643,0.96997267,0.47543064,0.85728747,0.19754472,0.0,0.0,0.0,0.0,0.0
1477659934513,4.817134,8.686164,2.0015526,0.043912888,0.37983894,-0.09409404,4.773221,8.306325,2.0956466,-31.8125,-43.5,38.5,1.7746847,-1.0299776,-1.1769938,-0.85296136,0.50417405,-0.13514969,-0.21545905,-0.10424371,0.97093284,0.47543064,0.85728747,0.19754472,0.0,0.0,0.0,0.0,0.0
1477659934533,4.817134,8.686164,2.0015526,0.043912888,0.37983894,-0.09409404,4.773221,8.306325,2.0956466,-31.3125,-44.125,38.375,1.7895932,-1.0299776,-1.1769938,-0.8560786,0.50256395,-0.12066002,-0.20271918,-0.111748345,0.9728398,0.47543064,0.85728747,0.19754472,0.0,0.0,0.0,0.0,0.0
1477659934553,4.817134,8.686164,2.0015526,0.043912888,0.37983894,-0.09409404,4.773221,8.306325,2.0956466,-30.8125,-44.625,38.1875,1.8031652,-1.0299776,-1.1769938,-0.858751,0.50100106,-0.10744597,-0.19108221,-0.11855863,0.9743877,0.47543064,0.85728747,0.19754472,0.0,0.0,0.0,0.0,0.0
1477659934573,4.817134,8.686164,2.0015526,0.043912888,0.37983894,-0.09409404,4.773221,8.306325,2.0956466,-30.3125,-45.0625,38.1875,1.8165799,-1.0299776,-1.1769938,-0.86123693,0.4993656,-0.09436554,-0.17954543,-0.12526855,0.9757413,0.47543064,0.85728747,0.19754472,0.0,0.0,0.0,0.0,0.0
1477659934594,4.817134,8.686164,2.0015526,0.043912888,0.37983894,-0.09409404,4.773221,8.306325,2.0956466,-29.6875,-45.5625,38.0,1.832587,-1.0299776,-1.1769938,-0.86400056,0.49729657,-0.078735314,-0.1657371,-0.13324557,0.97712684,0.47543064,0.85728747,0.19754472,0.0,0.0,0.0,0.0,0.0
1477659934606,3.0550013,9.251195,2.6240451,0.043912888,0.37983894,-0.09409404,4.773221,8.306325,2.0956466,-29.6875,-45.5625,38.0,1.9685613,-1.1602163,-0.86113834,-0.89363015,0.36797982,-0.25693592,-0.3312824,-0.15461084,0.9307779,0.30278236,0.9168895,0.26007012,0.0,0.0,0.0,0.0,0.0
1477659934606,3.0550013,9.251195,2.6240451,0.043912888,0.37983894,-0.09409404,3.123697,9.012807,2.2764509,-29.6875,-45.5625,38.0,1.9685613,-1.1602163,-0.86113834,-0.89363015,0.36797982,-0.25693592,-0.3312824,-0.15461084,0.9307779,0.30278236,0.9168895,0.26007012,0.0,0.0,0.0,0.0,0.0
1477659934606,3.0550013,9.251195,2.6240451,-0.06869578,0.23838806,0.34759426,3.123697,9.012807,2.2764509,-29.6875,-45.5625,38.0,1.9685613,-1.1602163,-0.86113834,-0.89363015,0.36797982,-0.25693592,-0.3312824,-0.15461084,0.9307779,0.30278236,0.9168895,0.26007012,0.0,0.0,0.0,0.0,0.0
1477659934613,3.0550013,9.251195,2.6240451,-0.06869578,0.23838806,0.34759426,3.123697,9.012807,2.2764509,-28.9375,-46.0625,38.0,1.9849625,-1.1602163,-0.86113834,-0.89894307,0.36539456,-0.24163623,-0.31658193,-0.16062504,0.9348665,0.30278236,0.9168895,0.26007012,0.0,0.0,0.0,0.0,0.0
1477659934632,3.0550013,9.251195,2.6240451,-0.06869578,0.23838806,0.34759426,3.123697,9.012807,2.2764509,-28.1875,-46.6875,37.75,2.0012462,-1.1602163,-0.86113834,-0.9039788,0.3627307,-0.22638182,-0.30190253,-0.16655344,0.93867713,0.30278236,0.9168895,0.26007012,0.0,0.0,0.0,0.0,0.0
1477659934653,3.0550013,9.251195,2.6240451,-0.06869578,0.23838806,0.34759426,3.123697,9.012807,2.2764509,-27.5,-47.4375,37.5,2.0175264,-1.1602163,-0.86113834,-0.90877384,0.3599712,-0.21107058,-0.28714615,-0.17243648,0.9422381,0.30278236,0.9168895,0.26007012,0.0,0.0,0.0,0.0,0.0
1477659934672,3.0550013,9.251195,2.6240451,-0.06869578,0.23838806,0.34759426,3.123697,9.012807,2.2764509,-26.375,-48.3125,37.3125,2.0429368,-1.1602163,-0.86113834,-0.9157762,0.35547382,-0.18706244,-0.2639637,-0.18152681,0.9472968,0.30278236,0.9168895,0.26007012,0.0,0.0,0.0,0.0,0.0
1477659934692,3.0550013,9.251195,2.6240451,-0.06869578,0.23838806,0.34759426,3.123697,9.012807,2.2764509,-25.25,-48.75,36.9375,2.0650222,-1.1602163,-0.86113834,-0.92138207,0.35137832,-0.16609693,-0.24367553,-0.18933272,0.9511967,0.30278236,0.9168895,0.26007012,0.0,0.0,0.0,0.0,0.0
1477659934713,3.0550013,9.251195,2.6240451,-0.06869578,0.23838806,0.34759426,3.123697,9.012807,2.2764509,-23.8125,-49.3125,36.6875,2.0946047,-1.1602163,-0.86113834,-0.9281865,0.3456245,-0.13788977,-0.21631628,-0.19964297,0.9556934,0.30278236,0.9168895,0.26007012,0.0,0.0,0.0,0.0,0.0
1477659934732,3.0550013,9.251195,2.6240451,-0.06869578,0.23838806,0.34759426,3.123697,9.012807,2.2764509,-22.3125,-49.9375,36.5,2.1264472,-1.1602163,-0.86113834,-0.9346028,0.33909324,-0.10739331,-0.18665582,-0.21054545,0.9595989,0.30278236,0.9168895,0.26007012,0.0,0.0,0.0,0.0,0.0
1477659934751,3.0550013,9.251195,2.6240451,-0.06869578,0.23838806,0.34759426,3.123697,9.012807,2.2764509,-20.75,-50.5,36.125,2.1591942,-1.1602163,-0.86113834,-0.9402131,0.33201793,-0.075917386,-0.15595579,-0.22153488,0.9626007,0.30278236,0.9168895,0.26007012,0.0,0.0,0.0,0.0,0.0
1477659934771,3.0550013,9.251195,2.6240451,-0.06869578,0.23838806,0.34759426,3.123697,9.012807,2.2764509,-19.125,-51.1875,35.9375,2.1947887,-1.1602163,-0.86113834,-0.94516754,0.32392386,-0.04161322,-0.12239765,-0.23321009,0.9646926,0.30278236,0.9168895,0.26007012,0.0,0.0,0.0,0.0,0.0
1477659934792,3.0550013,9.251195,2.6240451,-0.06869578,0.23838806,0.34759426,3.123697,9.012807,2.2764509,-17.3125,-51.8125,35.8125,2.2339554,-1.1602163,-0.86113834,-0.9492353,0.3145437,-0.003807103,-0.085294105,-0.24571502,0.96558213,0.30278236,0.9168895,0.26007012,0.0,0.0,0.0,0.0,0.0
1477659934804,0.16280572,9.557653,2.6527755,-0.06869578,0.23838806,0.34759426,3.123697,9.012807,2.2764509,-17.3125,-51.8125,35.8125,2.75102,-1.2995716,-0.06129496,-0.9454236,0.10199888,-0.30946815,-0.32543045,-0.24773568,0.9125362,0.016411362,0.9634435,0.26740867,0.0,0.0,0.0,0.0,0.0
1477659934804,0.16280572,9.557653,2.6527755,-0.06869578,0.23838806,0.34759426,0.13013437,9.465984,2.5590193,-17.3125,-51.8125,35.8125,2.75102,-1.2995716,-0.06129496,-0.9454236,0.10199888,-0.30946815,-0.32543045,-0.24773568,0.9125362,0.016411362,0.9634435,0.26740867,0.0,0.0,0.0,0.0,0.0
1477659934804,0.16280572,9.557653,2.6527755,0.032671347,0.09166908,0.0937562,0.13013437,9.465984,2.5590193,-17.3125,-51.8125,35.8125,2.75102,-1.2995716,-0.06129496,-0.9454236,0.10199888,-0.30946815,-0.32543045,-0.24773568,0.9125362,0.016411362,0.9634435,0.26740867,0.0,0.0,0.0,0.0,0.0
1477659934811,0.16280572,9.557653,2.6527755,0.032671347,0.09166908,0.0937562,0.13013437,9.465984,2.5590193,-15.6875,-52.5,35.6875,2.781946,-1.2995716,-0.06129496,-0.95503414,0.09428983,-0.28110352,-0.29604128,-0.25077114,0.9216688,0.016411362,0.9634435,0.26740867,0.0,0.0,0.0,0.0,0.0
1477659934831,0.16280572,9.557653,2.6527755,0.032671347,0.09166908,0.0937562,0.13013437,9.465984,2.5590193,-14.1875,-52.9375,35.375,2.8096142,-1.2995716,-0.06129496,-0.96285844,0.087316245,-0.25549826,-0.26950726,-0.25328362,0.9290927,0.016411362,0.9634435,0.26740867,0.0,0.0,0.0,0.0,0.0
1477659934851,0.16280572,9.557653,2.6527755,0.032671347,0.09166908,0.0937562,0.13013437,9.465984,2.5590193,-12.8125,-53.125,35.25,2.835955,-1.2995716,-0.06129496,-0.96962273,0.08061505,-0.23093948,-0.2440543,-0.2554955,0.9354997,0.016411362,0.9634435,0.26740867,0.0,0.0,0.0,0.0,0.0
1477659934870,0.16280572,9.557653,2.6527755,0.032671347,0.09166908,0.0937562,0.13013437,9.465984,2.5590193,-11.625,-53.6875,35.0,2.8590567,-1.2995716,-0.06129496,-0.9750016,0.074691676,-0.2092681,-0.22159119,-0.2572895,0.9405847,0.016411362,0.9634435,0.26740867,0.0,0.0,0.0,0.0,0.0
1477659934890,0.16280572,9.557653,2.6527755,0.032671347,0.09166908,0.0937562,0.13013437,9.465984,2.5590193,-10.25,-53.9375,34.875,2.8862836,-1.2995716,-0.06129496,-0.9806727,0.067659624,-0.18358436,-0.19496593,-0.2592275,0.94593316,0.016411362,0.9634435,0.26740867,0.0,0.0,0.0,0.0,0.0
1477659934910,0.16280572,9.557653,2.6527755,0.032671347,0.09166908,0.0937562,0.13013437,9.465984,2.5590193,-8.75,-54.1875,34.6875,2.9162037,-1.2995716,-0.06129496,-0.9860663,0.059874374,-0.15520397,-0.16554119,-0.26113555,0.9510018,0.016411362,0.9634435,0.26740867,0.0,0.0,0.0,0.0,0.0
1477659934931,0.16280572,9.557653,2.6527755,0.032671347,0.09166908,0.0937562,0.13013437,9.465984,2.5590193,-7.25,-54.1875,34.5625,2.9464664,-1.2995716,-0.06129496,-0.9906238,0.05194548,-0.12635735,-0.13562883,-0.26282766,0.9552626,0.016411362,0.9634435,0.26740867,0.0,0.0,0.0,0.0,0.0
1477659934950,0.16280572,9.557653,2.6527755,0.032671347,0.09166908,0.0937562,0.13013437,9.465984,2.5590193,-5.9375,-54.25,34.5,2.973439,-1.2995716,-0.06129496,-0.9939212,0.04483832,-0.100548655,-0.1088631,-0.264133,0.9583228,0.016411362,0.9634435,0.26740867,0.0,0.0,0.0,0.0,0.0
1477659934970,0.16280572,9.557653,2.6527755,0.032671347,0.09166908,0.0937562,0.13013437,9.465984,2.5590193,-4.5625,-54.125,34.3125,3.0015843,-1.2995716,-0.06129496,-0.9965912,0.037387475,-0.073540255,-0.08084962,-0.26529023,0.96077293,0.016411362,0.9634435,0.26740867,0.0,0.0,0.0,0.0,0.0
1477659934990,0.16280572,9.557653,2.6527755,0.032671347,0.09166908,0.0937562,0.13013437,9.465984,2.5590193,-2.875,-54.0625,34.25,3.0368428,-1.2995716,-0.06129496,-0.9988219,0.02801241,-0.039626047,-0.04566822,-0.2664433,0.96276826,0.016411362,0.9634435,0.26740867,0.0,0.0,0.0,0.0,0.0
1477659935003,-2.681506,9.289502,2.6240451,0.032671347,0.09166908,0.0937562,0.13013437,9.465984,2.5590193,-2.875,-54.0625,34.25,-2.6727798,-1.1869525,0.79622805,-0.9233777,-0.16920361,-0.34459218,-0.27519923,-0.334082,0.9014735,-0.26765463,0.927232,0.26191917,0.0,0.0,0.0,0.0,0.0
1477659935003,-2.681506,9.289502,2.6240451,0.032671347,0.09166908,0.0937562,-2.5672426,9.080348,2.669636,-2.875,-54.0625,34.25,-2.6727798,-1.1869525,0.79622805,-0.9233777,-0.16920361,-0.34459218,-0.27519923,-0.334082,0.9014735,-0.26765463,0.927232,0.26191917,0.0,0.0,0.0,0.0,0.0
1477659935003,-2.681506,9.289502,2.6240451,-0.114263296,0.20915413,-0.045590878,-2.5672426,9.080348,2.669636,-2.875,-54.0625,34.25,-2.6727798,-1.1869525,0.79622805,-0.9233777,-0.16920361,-0.34459218,-0.27519923,-0.334082,0.9014735,-0.26765463,0.927232,0.26191917,0.0,0.0,0.0,0.0,0.0
1477659935009,-2.681506,9.289502,2.6240451,-0.114263296,0.20915413,-0.045590878,-2.5672426,9.080348,2.669636,-1.3125,-54.375,34.25,-2.644653,-1.1869525,0.79622805,-0.9307519,-0.17853212,-0.31910357,-0.24912207,-0.32919133,0.9108079,-0.26765463,0.927232,0.26191917,0.0,0.0,0.0,0.0,0.0
1477659935030,-2.681506,9.289502,2.6240451,-0.114263296,0.20915413,-0.045590878,-2.5672426,9.080348,2.669636,0.1875,-54.25,34.1875,-2.6160908,-1.1869525,0.79622805,-0.9374869,-0.18786044,-0.29296237,-0.22243983,-0.32395852,0.9195496,-0.26765463,0.927232,0.26191917,0.0,0.0,0.0,0.0,0.0
1477659935049,-2.681506,9.289502,2.6240451,-0.114263296,0.20915413,-0.045590878,-2.5672426,9.080348,2.669636,1.5,-54.1875,34.0625,-2.591261,-1.1869525,0.79622805,-0.94272053,-0.19584562,-0.27004197,-0.19909585,-0.31919456,0.92653966,-0.26765463,0.927232,0.26191917,0.0,0.0,0.0,0.0,0.0
1477659935069,-2.681506,9.289502,2.6240451,-0.114263296,0.20915413,-0.045590878,-2.5672426,9.080348,2.669636,2.5625,-54.25,34.125,-2.5704834,-1.1869525,0.79622805,-0.9466534,-0.20243491,-0.2507339,-0.17946693,-0.31505677,0.93195003,-0.26765463,0.927232,0.26191917,0.0,0.0,0.0,0.0,0.0
1477659935089,-2.681506,9.289502,2.6240451,-0.114263296,0.20915413,-0.045590878,-2.5672426,9.080348,2.669636,3.5625,-54.125,33.875,-2.5515356,-1.1869525,0.79622805,-0.94988376,-0.20836782,-0.23303165,-0.16149887,-0.31116477,0.9365333,-0.26765463,0.927232,0.26191917,0.0,0.0,0.0,0.0,0.0
1477659935109,-2.681506,9.289502,2.6240451,-0.114263296,0.20915413,-0.045590878,-2.5672426,9.080348,2.669636,5.0,-53.8125,33.8125,-2.5217986,-1.1869525,0.79622805,-0.9542656,-0.21752745,-0.20508298,-0.13318491,-0.30483186,0.9430479,-0.26765463,0.927232,0.26191917,0.0,0.0,0.0,0.0,0.0
1477659935128,-2.681506,9.289502,2.6240451,-0.114263296,0.20915413,-0.045590878,-2.5672426,9.080348,2.669636,6.125,-53.625,33.75,-2.4985437,-1.1869525,0.79622805,-0.95710444,-0.22455682,-0.1830991,-0.11095962,-0.29969132,0.94756156,-0.26765463,0.927232,0.26191917,0.0,0.0,0.0,0.0,0.0
