timestamp, accx, accy, accz, laccx, laccy, laccz, gravx, gravy, gravz, magfieldx, magfieldy, magfieldz, anglex, angley, anglez, rot0, rot1, rot2, rot3, rot4, rot5, rot6, rot7, rot8, speedgps, latgps, longps
278232555807076,0.4405331,9.758766,0.842759,0.0,0.0,0.0,0.0,0.0,0.0,0.0,0.0,0.0,0.0,-0.0,-0.0,0.0,0.0,0.0,0.0,0.0,0.0,0.0,0.0,0.0,0.0,0.0,0.0
278232555807076,0.4405331,9.758766,0.842759,0.0,0.0,0.0,0.40798578,9.747463,0.9954408,0.0,0.0,0.0,0.0,-0.0,-0.0,0.0,0.0,0.0,0.0,0.0,0.0,0.0,0.0,0.0,0.0,0.0,0.0
278232555807076,0.4405331,9.758766,0.842759,0.032547325,0.011302948,-0.15268177,0.40798578,9.747463,0.9954408,0.0,0.0,0.0,0.0,-0.0,-0.0,0.0,0.0,0.0,0.0,0.0,0.0,0.0,0.0,0.0,0.0,0.0,0.0
278232572634472,0.4405331,9.758766,0.842759,0.032547325,0.011302948,-0.15268177,0.40798578,9.747463,0.9954408,-24.875,-47.75,0.125,1.2753214,-1.4736577,-0.48166364,-0.18302548,0.09278365,-0.97872,-0.982081,0.028241966,0.18633138,0.044929482,0.99528575,0.08595206,0.0,0.0,0.0
278232575655617,0.58418524,9.9790325,1.283292,0.032547325,0.011302948,-0.15268177,0.40798578,9.747463,0.9954408,-24.875,-47.75,0.125,1.4215701,-1.4304287,-0.42718965,-0.27036813,0.13835208,-0.9527643,-0.9610104,0.020800393,0.2757286,0.0579655,0.99016464,0.12733403,0.0,0.0,0.0
278232575655617,0.58418524,9.9790325,1.283292,0.032547325,0.011302948,-0.15268177,0.40809682,9.745545,1.0139935,-24.875,-47.75,0.125,1.4215701,-1.4304287,-0.42718965,-0.27036813,0.13835208,-0.9527643,-0.9610104,0.020800393,0.2757286,0.0579655,0.99016464,0.12733403,0.0,0.0,0.0
278232575655617,0.58418524,9.9790325,1.283292,0.17608842,0.23348713,0.26929855,0.40809682,9.745545,1.0139935,-24.875,-47.75,0.125,1.4215701,-1.4304287,-0.42718965,-0.27036813,0.13835208,-0.9527643,-0.9610104,0.020800393,0.2757286,0.0579655,0.99016464,0.12733403,0.0,0.0,0.0
278232592151451,0.58418524,9.9790325,1.283292,0.17608842,0.23348713,0.26929855,0.40809682,9.745545,1.0139935,-24.625,-47.75,0.375,1.4349954,-1.4304287,-0.42718965,-0.28324535,0.13861886,-0.94897676,-0.9572941,0.018941142,0.28849465,0.0579655,0.99016464,0.12733403,0.0,0.0,0.0
278232595296555,0.47884035,10.093954,1.3694834,0.17608842,0.23348713,0.26929855,0.40809682,9.745545,1.0139935,-24.625,-47.75,0.375,1.5322435,-1.428046,-0.33636332,-0.29007313,0.14216033,-0.9463869,-0.9558519,0.0054833964,0.29379788,0.046955813,0.98982847,0.13429362,0.0,0.0,0.0
278232595296555,0.47884035,10.093954,1.3694834,0.17608842,0.23348713,0.26929855,0.4057745,9.742907,1.0399522,-24.625,-47.75,0.375,1.5322435,-1.428046,-0.33636332,-0.29007313,0.14216033,-0.9463869,-0.9558519,0.0054833964,0.29379788,0.046955813,0.98982847,0.13429362,0.0,0.0,0.0
278232595296555,0.47884035,10.093954,1.3694834,0.07306585,0.35104752,0.3295312,0.4057745,9.742907,1.0399522,-24.625,-47.75,0.375,1.5322435,-1.428046,-0.33636332,-0.29007313,0.14216033,-0.9463869,-0.9558519,0.0054833964,0.29379788,0.046955813,0.98982847,0.13429362,0.0,0.0,0.0
278232612034315,0.47884035,10.093954,1.3694834,0.07306585,0.35104752,0.3295312,0.4057745,9.742907,1.0399522,-24.4375,-47.75,0.4375,1.537132,-1.428046,-0.33636332,-0.29474232,0.14218542,-0.9449393,-0.9544224,0.004788384,0.29842076,0.046955813,0.98982847,0.13429362,0.0,0.0,0.0
278232615055045,0.31603462,10.093954,1.2258313,0.07306585,0.35104752,0.3295312,0.4057745,9.742907,1.0399522,-24.4375,-47.75,0.4375,1.5837895,-1.4460348,-0.25231797,-0.26026925,0.12442786,-0.957485,-0.96503615,-0.0016168039,0.26211175,0.031065943,0.9922274,0.1204982,0.0,0.0,0.0
278232615055045,0.31603462,10.093954,1.2258313,0.07306585,0.35104752,0.3295312,0.4016092,9.742481,1.0455467,-24.4375,-47.75,0.4375,1.5837895,-1.4460348,-0.25231797,-0.26026925,0.12442786,-0.957485,-0.96503615,-0.0016168039,0.26211175,0.031065943,0.9922274,0.1204982,0.0,0.0,0.0
278232615055045,0.31603462,10.093954,1.2258313,-0.0855746,0.35147285,0.18028462,0.4016092,9.742481,1.0455467,-24.4375,-47.75,0.4375,1.5837895,-1.4460348,-0.25231797,-0.26026925,0.12442786,-0.957485,-0.96503615,-0.0016168039,0.26211175,0.031065943,0.9922274,0.1204982,0.0,0.0,0.0
278232633760253,0.31603462,10.093954,1.2258313,-0.0855746,0.35147285,0.18028462,0.4016092,9.742481,1.0455467,-24.25,-47.75,0.3125,1.580781,-1.4460348,-0.25231797,-0.25736478,0.12443218,-0.9582693,-0.9658149,-0.0012424532,0.25923,0.031065943,0.9922274,0.1204982,0.0,0.0,0.0
278232634635045,0.46926352,9.969456,1.292869,-0.0855746,0.35147285,0.18028462,0.4016092,9.742481,1.0455467,-24.25,-47.75,0.3125,1.5106436,-1.433701,-0.3481761,-0.2808621,0.13641948,-0.9500032,-0.95861477,0.008215908,0.28458786,0.04662847,0.99061716,0.1284662,0.0,0.0,0.0
278232634635045,0.46926352,9.969456,1.292869,-0.0855746,0.35147285,0.18028462,0.4016747,9.745603,1.0160218,-24.25,-47.75,0.3125,1.5106436,-1.433701,-0.3481761,-0.2808621,0.13641948,-0.9500032,-0.95861477,0.008215908,0.28458786,0.04662847,0.99061716,0.1284662,0.0,0.0,0.0
278232634635045,0.46926352,9.969456,1.292869,0.067588836,0.22385311,0.27684712,0.4016747,9.745603,1.0160218,-24.25,-47.75,0.3125,1.5106436,-1.433701,-0.3481761,-0.2808621,0.13641948,-0.9500032,-0.95861477,0.008215908,0.28458786,0.04662847,0.99061716,0.1284662,0.0,0.0,0.0
278232652142753,0.46926352,9.969456,1.292869,0.067588836,0.22385311,0.27684712,0.4016747,9.745603,1.0160218,-24.3125,-47.875,0.125,1.5028601,-1.433701,-0.3481761,-0.2733922,0.13635142,-0.9521896,-0.9607719,0.009277489,0.27718484,0.04662847,0.99061716,0.1284662,0.0,0.0,0.0
278232654573638,0.45968673,10.208876,0.8810662,0.067588836,0.22385311,0.27684712,0.4016747,9.745603,1.0160218,-24.3125,-47.875,0.125,1.2810119,-1.4737579,-0.4808873,-0.18785642,0.09284667,-0.9777983,-0.9811735,0.027684832,0.1911337,0.044816308,0.99529546,0.08589792,0.0,0.0,0.0
278232654573638,0.45968673,10.208876,0.8810662,0.067588836,0.22385311,0.27684712,0.40293667,9.7515135,0.9570845,-24.3125,-47.875,0.125,1.2810119,-1.4737579,-0.4808873,-0.18785642,0.09284667,-0.9777983,-0.9811735,0.027684832,0.1911337,0.044816308,0.99529546,0.08589792,0.0,0.0,0.0
278232654573638,0.45968673,10.208876,0.8810662,0.05675006,0.45736217,-0.076018274,0.40293667,9.7515135,0.9570845,-24.3125,-47.875,0.125,1.2810119,-1.4737579,-0.4808873,-0.18785642,0.09284667,-0.9777983,-0.9811735,0.027684832,0.1911337,0.044816308,0.99529546,0.08589792,0.0,0.0,0.0
278232671189003,0.45968673,10.208876,0.8810662,0.05675006,0.45736217,-0.076018274,0.40293667,9.7515135,0.9570845,-24.375,-47.9375,0.3125,1.2888443,-1.4737579,-0.4808873,-0.1955356,0.09306066,-0.9762713,-0.9796721,0.026956772,0.19878633,0.044816308,0.99529546,0.08589792,0.0,0.0,0.0
278232674623847,0.45968673,10.170568,1.4556746,0.05675006,0.45736217,-0.076018274,0.40293667,9.7515135,0.9570845,-24.375,-47.9375,0.3125,1.5772798,-1.4218153,-0.30587885,-0.30397186,0.14842738,-0.94104743,-0.95163184,-9.623356E-4,0.30723897,0.044697076,0.98892283,0.14154075,0.0,0.0,0.0
278232674623847,0.45968673,10.170568,1.4556746,0.05675006,0.45736217,-0.076018274,0.42824295,9.750815,0.9532079,-24.375,-47.9375,0.3125,1.5772798,-1.4218153,-0.30587885,-0.30397186,0.14842738,-0.94104743,-0.95163184,-9.623356E-4,0.30723897,0.044697076,0.98892283,0.14154075,0.0,0.0,0.0
278232674623847,0.45968673,10.170568,1.4556746,0.031443775,0.41975307,0.50246674,0.42824295,9.750815,0.9532079,-24.375,-47.9375,0.3125,1.5772798,-1.4218153,-0.30587885,-0.30397186,0.14842738,-0.94104743,-0.95163184,-9.623356E-4,0.30723897,0.044697076,0.98892283,0.14154075,0.0,0.0,0.0
278232691072909,0.45968673,10.170568,1.4556746,0.031443775,0.41975307,0.50246674,0.42824295,9.750815,0.9532079,-24.3125,-47.9375,0.3125,1.5780959,-1.4218153,-0.30587885,-0.30474842,0.14842656,-0.94079643,-0.95138353,-0.0010834709,0.3080069,0.044697076,0.98892283,0.14154075,0.0,0.0,0.0
278232694098847,0.78529817,9.940725,0.4213795,0.031443775,0.41975307,0.50246674,0.42824295,9.750815,0.9532079,-24.3125,-47.9375,0.3125,0.6080935,-1.4813831,-1.0783106,-0.11333949,0.051014118,-0.99224585,-0.99043596,0.07328721,0.11690065,0.078682505,0.9960053,0.04221988,0.0,0.0,0.0
278232694098847,0.78529817,9.940725,0.4213795,0.031443775,0.41975307,0.50246674,0.4638804,9.748745,0.9576935,-24.3125,-47.9375,0.3125,0.6080935,-1.4813831,-1.0783106,-0.11333949,0.051014118,-0.99224585,-0.99043596,0.07328721,0.11690065,0.078682505,0.9960053,0.04221988,0.0,0.0,0.0
278232694098847,0.78529817,9.940725,0.4213795,0.32141778,0.19198036,-0.536314,0.4638804,9.748745,0.9576935,-24.3125,-47.9375,0.3125,0.6080935,-1.4813831,-1.0783106,-0.11333949,0.051014118,-0.99224585,-0.99043596,0.07328721,0.11690065,0.078682505,0.9960053,0.04221988,0.0,0.0,0.0
278232710717857,0.78529817,9.940725,0.4213795,0.32141778,0.19198036,-0.536314,0.4638804,9.748745,0.9576935,-24.1875,-48.0,0.375,0.6119687,-1.4813831,-1.0783106,-0.11717666,0.05129773,-0.99178535,-0.9899893,0.07308897,0.12074481,0.078682505,0.9960053,0.04221988,0.0,0.0,0.0
278232713861867,0.45010993,9.682152,0.5267244,0.32141778,0.19198036,-0.536314,0.4638804,9.748745,0.9576935,-24.1875,-48.0,0.375,1.0000131,-1.4993584,-0.70712703,-0.1345274,0.060061947,-0.989088,-0.98982435,0.038564224,0.13696934,0.04637005,0.9974494,0.054262828,0.0,0.0,0.0
278232713861867,0.45010993,9.682152,0.5267244,0.32141778,0.19198036,-0.536314,0.4953829,9.747236,0.957285,-24.1875,-48.0,0.375,1.0000131,-1.4993584,-0.70712703,-0.1345274,0.060061947,-0.989088,-0.98982435,0.038564224,0.13696934,0.04637005,0.9974494,0.054262828,0.0,0.0,0.0
278232713861867,0.45010993,9.682152,0.5267244,-0.045272976,-0.06508446,-0.4305606,0.4953829,9.747236,0.957285,-24.1875,-48.0,0.375,1.0000131,-1.4993584,-0.70712703,-0.1345274,0.060061947,-0.989088,-0.98982435,0.038564224,0.13696934,0.04637005,0.9974494,0.054262828,0.0,0.0,0.0
278232730430982,0.45010993,9.682152,0.5267244,-0.045272976,-0.06508446,-0.4305606,0.4953829,9.747236,0.957285,-24.25,-47.875,0.3125,0.9965116,-1.4993584,-0.70712703,-0.13106067,0.059926543,-0.9895615,-0.99028933,0.038774293,0.1335052,0.04637005,0.9974494,0.054262828,0.0,0.0,0.0
278232734464836,0.38307226,9.461885,0.4309563,-0.045272976,-0.06508446,-0.4305606,0.4953829,9.747236,0.957285,-24.25,-47.875,0.3125,0.95630246,-1.5099328,-0.7266423,-0.110908456,0.049699146,-0.9925872,-0.99300873,0.03506916,0.11271148,0.04041086,0.9981484,0.04546222,0.0,0.0,0.0
278232734464836,0.38307226,9.461885,0.4309563,-0.045272976,-0.06508446,-0.4305606,0.5273621,9.74597,0.9530881,-24.25,-47.875,0.3125,0.95630246,-1.5099328,-0.7266423,-0.110908456,0.049699146,-0.9925872,-0.99300873,0.03506916,0.11271148,0.04041086,0.9981484,0.04546222,0.0,0.0,0.0
278232734464836,0.38307226,9.461885,0.4309563,-0.14428985,-0.28408432,-0.5221318,0.5273621,9.74597,0.9530881,-24.25,-47.875,0.3125,0.95630246,-1.5099328,-0.7266423,-0.110908456,0.049699146,-0.9925872,-0.99300873,0.03506916,0.11271148,0.04041086,0.9981484,0.04546222,0.0,0.0,0.0
278232752117544,0.38307226,9.461885,0.4309563,-0.14428985,-0.28408432,-0.5221318,0.5273621,9.74597,0.9530881,-24.5,-47.875,0.125,0.9468677,-1.5099328,-0.7266423,-0.10153474,0.049366068,-0.9936063,-0.99401087,0.03553649,0.10334166,0.04041086,0.9981484,0.04546222,0.0,0.0,0.0
278232753204055,0.90979666,9.615114,1.0247183,-0.14428985,-0.28408432,-0.5221318,0.5273621,9.74597,0.9530881,-24.5,-47.875,0.125,1.104792,-1.429232,-0.72606194,-0.2512028,0.12604715,-0.95969224,-0.9633909,0.063395336,0.26049736,0.093674965,0.9899965,0.10550759,0.0,0.0,0.0
278232753204055,0.90979666,9.615114,1.0247183,-0.14428985,-0.28408432,-0.5221318,0.55763185,9.74584,0.9370418,-24.5,-47.875,0.125,1.104792,-1.429232,-0.72606194,-0.2512028,0.12604715,-0.95969224,-0.9633909,0.063395336,0.26049736,0.093674965,0.9899965,0.10550759,0.0,0.0,0.0
278232753204055,0.90979666,9.615114,1.0247183,0.3521648,-0.13072586,0.087676466,0.55763185,9.74584,0.9370418,-24.5,-47.875,0.125,1.104792,-1.429232,-0.72606194,-0.2512028,0.12604715,-0.95969224,-0.9633909,0.063395336,0.26049736,0.093674965,0.9899965,0.10550759,0.0,0.0,0.0
278232769985305,0.90979666,9.615114,1.0247183,0.3521648,-0.13072586,0.087676466,0.55763185,9.74584,0.9370418,-25.0625,-47.9375,0.25,1.104156,-1.429232,-0.72606194,-0.25059015,0.1260068,-0.95985776,-0.9635505,0.06347548,0.25988704,0.093674965,0.9899965,0.10550759,0.0,0.0,0.0
278232773150201,0.6607997,9.797073,1.0055647,0.3521648,-0.13072586,0.087676466,0.55763185,9.74584,0.9370418,-25.0625,-47.9375,0.25,1.2243794,-1.4485909,-0.5813802,-0.22895488,0.114660054,-0.96666056,-0.9711322,0.04138922,0.23492338,0.066945665,0.9925422,0.10187383,0.0,0.0,0.0
278232773150201,0.6607997,9.797073,1.0055647,0.3521648,-0.13072586,0.087676466,0.5604241,9.748412,0.9081933,-25.0625,-47.9375,0.25,1.2243794,-1.4485909,-0.5813802,-0.22895488,0.114660054,-0.96666056,-0.9711322,0.04138922,0.23492338,0.066945665,0.9925422,0.10187383,0.0,0.0,0.0
278232773150201,0.6607997,9.797073,1.0055647,0.10037559,0.048661232,0.0973714,0.5604241,9.748412,0.9081933,-25.0625,-47.9375,0.25,1.2243794,-1.4485909,-0.5813802,-0.22895488,0.114660054,-0.96666056,-0.9711322,0.04138922,0.23492338,0.066945665,0.9925422,0.10187383,0.0,0.0,0.0
278232789774263,0.6607997,9.797073,1.0055647,0.10037559,0.048661232,0.0973714,0.5604241,9.748412,0.9081933,-25.3125,-47.875,0.1875,1.2188672,-1.4485909,-0.5813802,-0.2235984,0.11443019,-0.9679409,-0.9723796,0.042020626,0.22959146,0.066945665,0.9925422,0.10187383,0.0,0.0,0.0
278232792917961,0.62249243,9.988609,1.0055647,0.10037559,0.048661232,0.0973714,0.5604241,9.748412,0.9081933,-25.3125,-47.875,0.1875,1.2392321,-1.4529456,-0.55430746,-0.21745378,0.111174434,-0.9697186,-0.97410667,0.038274422,0.2228258,0.061887953,0.9930636,0.09997285,0.0,0.0,0.0
278232792917961,0.62249243,9.988609,1.0055647,0.10037559,0.048661232,0.0973714,0.560427,9.750594,0.88444185,-25.3125,-47.875,0.1875,1.2392321,-1.4529456,-0.55430746,-0.21745378,0.111174434,-0.9697186,-0.97410667,0.038274422,0.2228258,0.061887953,0.9930636,0.09997285,0.0,0.0,0.0
278232792917961,0.62249243,9.988609,1.0055647,0.062065423,0.23801517,0.12112284,0.560427,9.750594,0.88444185,-25.3125,-47.875,0.1875,1.2392321,-1.4529456,-0.55430746,-0.21745378,0.111174434,-0.9697186,-0.97410667,0.038274422,0.2228258,0.061887953,0.9930636,0.09997285,0.0,0.0,0.0
278232809872909,0.62249243,9.988609,1.0055647,0.062065423,0.23801517,0.12112284,0.560427,9.750594,0.88444185,-25.5625,-48.0625,0.6875,1.2586721,-1.4529456,-0.55430746,-0.23634811,0.111897446,-0.9652039,-0.96969557,0.0361061,0.24163382,0.061887953,0.9930636,0.09997285,0.0,0.0,0.0
278232812674472,0.545878,9.969456,0.94810385,0.062065423,0.23801517,0.12112284,0.560427,9.750594,0.88444185,-25.5625,-48.0625,0.6875,1.2754772,-1.4614961,-0.5224034,-0.22228906,0.10436028,-0.9693795,-0.97346044,0.03174795,0.22664274,0.054428305,0.9940327,0.09453337,0.0,0.0,0.0
278232812674472,0.545878,9.969456,0.94810385,0.062065423,0.23801517,0.12112284,0.5620979,9.752277,0.8645938,-25.5625,-48.0625,0.6875,1.2754772,-1.4614961,-0.5224034,-0.22228906,0.10436028,-0.9693795,-0.97346044,0.03174795,0.22664274,0.054428305,0.9940327,0.09453337,0.0,0.0,0.0
278232812674472,0.545878,9.969456,0.94810385,-0.016219914,0.21717834,0.08351004,0.5620979,9.752277,0.8645938,-25.5625,-48.0625,0.6875,1.2754772,-1.4614961,-0.5224034,-0.22228906,0.10436028,-0.9693795,-0.97346044,0.03174795,0.22664274,0.054428305,0.9940327,0.09453337,0.0,0.0,0.0
278232829371086,0.545878,9.969456,0.94810385,-0.016219914,0.21717834,0.08351004,0.5620979,9.752277,0.8645938,-25.625,-47.875,0.875,1.2817547,-1.4614961,-0.5224034,-0.22839557,0.104557514,-0.9679376,-0.9720458,0.031092202,0.23272355,0.054428305,0.9940327,0.09453337,0.0,0.0,0.0
278232832446190,0.6703765,10.007763,0.40222588,-0.016219914,0.21717834,0.08351004,0.5620979,9.752277,0.8645938,-25.625,-47.875,0.875,0.6661159,-1.4928372,-1.0303769,-0.123756275,0.048125386,-0.99114496,-0.9900629,0.061232008,0.1265943,0.0667822,0.9969627,0.040069316,0.0,0.0,0.0
278232832446190,0.6703765,10.007763,0.40222588,-0.016219914,0.21717834,0.08351004,0.568691,9.753513,0.84614456,-25.625,-47.875,0.875,0.6661159,-1.4928372,-1.0303769,-0.123756275,0.048125386,-0.99114496,-0.9900629,0.061232008,0.1265943,0.0667822,0.9969627,0.040069316,0.0,0.0,0.0
278232832446190,0.6703765,10.007763,0.40222588,0.101685464,0.25424957,-0.44391868,0.568691,9.753513,0.84614456,-25.625,-47.875,0.875,0.6661159,-1.4928372,-1.0303769,-0.123756275,0.048125386,-0.99114496,-0.9900629,0.061232008,0.1265943,0.0667822,0.9969627,0.040069316,0.0,0.0,0.0
278232848824784,0.6703765,10.007763,0.40222588,0.101685464,0.25424957,-0.44391868,0.568691,9.753513,0.84614456,-25.8125,-47.8125,1.4375,0.689404,-1.4928372,-1.0303769,-0.1467774,0.049538188,-0.98792833,-0.98691267,0.06009475,0.14963987,0.0667822,0.9969627,0.040069316,0.0,0.0,0.0
278232854465409,0.6799533,9.653421,0.59376204,0.101685464,0.25424957,-0.44391868,0.568691,9.753513,0.84614456,-25.8125,-47.8125,1.4375,0.91259253,-1.4775559,-0.85296434,-0.19094329,0.07365543,-0.9788338,-0.9790927,0.056952644,0.19527937,0.07013055,0.99565625,0.061240762,0.0,0.0,0.0
278232854465409,0.6799533,9.653421,0.59376204,0.101685464,0.25424957,-0.44391868,0.57962334,9.754049,0.8324328,-25.8125,-47.8125,1.4375,0.91259253,-1.4775559,-0.85296434,-0.19094329,0.07365543,-0.9788338,-0.9790927,0.056952644,0.19527937,0.07013055,0.99565625,0.061240762,0.0,0.0,0.0
278232854465409,0.6799533,9.653421,0.59376204,0.100329936,-0.1006279,-0.23867077,0.57962334,9.754049,0.8324328,-25.8125,-47.8125,1.4375,0.91259253,-1.4775559,-0.85296434,-0.19094329,0.07365543,-0.9788338,-0.9790927,0.056952644,0.19527937,0.07013055,0.99565625,0.061240762,0.0,0.0,0.0
278232868584784,0.6799533,9.653421,0.59376204,0.100329936,-0.1006279,-0.23867077,0.57962334,9.754049,0.8324328,-25.8125,-47.5625,1.6875,0.9224769,-1.4775559,-0.85296434,-0.20061144,0.07421476,-0.97685575,-0.97715753,0.056221835,0.20494476,0.07013055,0.99565625,0.061240762,0.0,0.0,0.0
278232872000253,0.80445176,9.56723,0.5267244,0.100329936,-0.1006279,-0.23867077,0.57962334,9.754049,0.8324328,-25.8125,-47.5625,1.6875,0.7771273,-1.4706277,-0.99108076,-0.1931913,0.07012405,-0.97865206,-0.9775877,0.07129373,0.19808966,0.08366259,0.9949873,0.054779083,0.0,0.0,0.0
278232872000253,0.80445176,9.56723,0.5267244,0.100329936,-0.1006279,-0.23867077,0.58766574,9.754546,0.82089084,-25.8125,-47.5625,1.6875,0.7771273,-1.4706277,-0.99108076,-0.1931913,0.07012405,-0.97865206,-0.9775877,0.07129373,0.19808966,0.08366259,0.9949873,0.054779083,0.0,0.0,0.0
278232872000253,0.80445176,9.56723,0.5267244,0.21678603,-0.18731594,-0.29416645,0.58766574,9.754546,0.82089084,-25.8125,-47.5625,1.6875,0.7771273,-1.4706277,-0.99108076,-0.1931913,0.07012405,-0.97865206,-0.9775877,0.07129373,0.19808966,0.08366259,0.9949873,0.054779083,0.0,0.0,0.0
278232888614471,0.80445176,9.56723,0.5267244,0.21678603,-0.18731594,-0.29416645,0.58766574,9.754546,0.82089084,-25.625,-47.625,2.125,0.798358,-1.4706277,-0.99108076,-0.21390112,0.07162175,-0.9742262,-0.97326607,0.069788985,0.21882096,0.08366259,0.9949873,0.054779083,0.0,0.0,0.0
278232891755617,0.6895301,9.576807,0.58418524,0.21678603,-0.18731594,-0.29416645,0.58766574,9.754546,0.82089084,-25.625,-47.625,2.125,0.9278663,-1.4767089,-0.8679171,-0.2203929,0.07519132,-0.9725088,-0.9727738,0.056326427,0.22480793,0.071681544,0.99557704,0.0607302,0.0,0.0,0.0
278232891755617,0.6895301,9.576807,0.58418524,0.21678603,-0.18731594,-0.29416645,0.5831009,9.755486,0.8129484,-25.625,-47.625,2.125,0.9278663,-1.4767089,-0.8679171,-0.2203929,0.07519132,-0.9725088,-0.9727738,0.056326427,0.22480793,0.071681544,0.99557704,0.0607302,0.0,0.0,0.0
278232891755617,0.6895301,9.576807,0.58418524,0.10642916,-0.17867851,-0.22876316,0.5831009,9.755486,0.8129484,-25.625,-47.625,2.125,0.9278663,-1.4767089,-0.8679171,-0.2203929,0.07519132,-0.9725088,-0.9727738,0.056326427,0.22480793,0.071681544,0.99557704,0.0607302,0.0,0.0,0.0
278232908345565,0.6895301,9.576807,0.58418524,0.10642916,-0.17867851,-0.22876316,0.5831009,9.755486,0.8129484,-25.75,-47.625,2.3125,0.9346299,-1.4767089,-0.8679171,-0.22696728,0.07557057,-0.970966,-0.97126085,0.055816576,0.23138043,0.071681544,0.99557704,0.0607302,0.0,0.0,0.0
278232911495201,0.7086837,9.557653,0.89064306,0.10642916,-0.17867851,-0.22876316,0.5831009,9.755486,0.8129484,-25.75,-47.625,2.3125,1.1960467,-1.4522672,-0.6721128,-0.28893465,0.11004456,-0.9510032,-0.9545133,0.043284647,0.29500973,0.073628046,0.99298364,0.092532545,0.0,0.0,0.0
278232911495201,0.7086837,9.557653,0.89064306,0.10642916,-0.17867851,-0.22876316,0.5723244,9.756031,0.8140847,-25.75,-47.625,2.3125,1.1960467,-1.4522672,-0.6721128,-0.28893465,0.11004456,-0.9510032,-0.9545133,0.043284647,0.29500973,0.073628046,0.99298364,0.092532545,0.0,0.0,0.0
278232911495201,0.7086837,9.557653,0.89064306,0.13635933,-0.19837761,0.07655835,0.5723244,9.756031,0.8140847,-25.75,-47.625,2.3125,1.1960467,-1.4522672,-0.6721128,-0.28893465,0.11004456,-0.9510032,-0.9545133,0.043284647,0.29500973,0.073628046,0.99298364,0.092532545,0.0,0.0,0.0
278232928259784,0.7086837,9.557653,0.89064306,0.13635933,-0.19837761,0.07655835,0.5723244,9.756031,0.8140847,-25.5625,-47.5,2.6875,1.2132058,-1.4522672,-0.6721128,-0.30527002,0.11077104,-0.94580126,-0.9494151,0.041390087,0.31128398,0.073628046,0.99298364,0.092532545,0.0,0.0,0.0
278232931254211,0.6991069,9.911995,0.82360536,0.13635933,-0.19837761,0.07655835,0.5723244,9.756031,0.8140847,-25.5625,-47.5,2.6875,1.1593916,-1.4622346,-0.7038186,-0.28477272,0.09930821,-0.9534371,-0.95602727,0.04332839,0.29005936,0.07011618,0.99411297,0.08260262,0.0,0.0,0.0
278232931254211,0.6991069,9.911995,0.82360536,0.13635933,-0.19837761,0.07655835,0.5579247,9.756636,0.816822,-25.5625,-47.5,2.6875,1.1593916,-1.4622346,-0.7038186,-0.28477272,0.09930821,-0.9534371,-0.95602727,0.04332839,0.29005936,0.07011618,0.99411297,0.08260262,0.0,0.0,0.0
278232931254211,0.6991069,9.911995,0.82360536,0.14118218,0.15535927,0.006783366,0.5579247,9.756636,0.816822,-25.5625,-47.5,2.6875,1.1593916,-1.4622346,-0.7038186,-0.28477272,0.09930821,-0.9534371,-0.95602727,0.04332839,0.29005936,0.07011618,0.99411297,0.08260262,0.0,0.0,0.0
278232948266451,0.6991069,9.911995,0.82360536,0.14118218,0.15535927,0.006783366,0.5579247,9.756636,0.816822,-25.375,-47.5625,3.1875,1.1825818,-1.4622346,-0.7038186,-0.30686453,0.10028621,-0.9464549,-0.949167,0.041013986,0.31208968,0.07011618,0.99411297,0.08260262,0.0,0.0,0.0
278232951077440,0.6607997,9.959879,0.5554548,0.14118218,0.15535927,0.006783366,0.5579247,9.756636,0.816822,-25.375,-47.5625,3.1875,0.95778275,-1.4843409,-0.8717967,-0.25356585,0.07062573,-0.9647364,-0.9650572,0.04967913,0.25728703,0.066098355,0.99626505,0.055560935,0.0,0.0,0.0
278232951077440,0.6607997,9.959879,0.5554548,0.14118218,0.15535927,0.006783366,0.54485714,9.757757,0.81223,-25.375,-47.5625,3.1875,0.95778275,-1.4843409,-0.8717967,-0.25356585,0.07062573,-0.9647364,-0.9650572,0.04967913,0.25728703,0.066098355,0.99626505,0.055560935,0.0,0.0,0.0
278232951077440,0.6607997,9.959879,0.5554548,0.11594254,0.20212173,-0.2567752,0.54485714,9.757757,0.81223,-25.375,-47.5625,3.1875,0.95778275,-1.4843409,-0.8717967,-0.25356585,0.07062573,-0.9647364,-0.9650572,0.04967913,0.25728703,0.066098355,0.99626505,0.055560935,0.0,0.0,0.0
278232967717232,0.6607997,9.959879,0.5554548,0.11594254,0.20212173,-0.2567752,0.54485714,9.757757,0.81223,-25.1875,-47.4375,2.9375,0.9488661,-1.4843409,-0.8717967,-0.24495089,0.070179954,-0.96699214,-0.96727973,0.050306886,0.2486748,0.066098355,0.99626505,0.055560935,0.0,0.0,0.0
278232973090617,0.63206923,9.911995,0.5746084,0.11594254,0.20212173,-0.2567752,0.54485714,9.757757,0.81223,-25.1875,-47.4375,2.9375,0.9907186,-1.4848288,-0.8329812,-0.24793066,0.07181657,-0.9661122,-0.9666923,0.047059927,0.25157776,0.06353262,0.9963071,0.05775693,0.0,0.0,0.0
278232973090617,0.63206923,9.911995,0.5746084,0.11594254,0.20212173,-0.2567752,0.5360437,9.758717,0.806535,-25.1875,-47.4375,2.9375,0.9907186,-1.4848288,-0.8329812,-0.24793066,0.07181657,-0.9661122,-0.9666923,0.047059927,0.25157776,0.06353262,0.9963071,0.05775693,0.0,0.0,0.0
278232973090617,0.63206923,9.911995,0.5746084,0.09602553,0.15327835,-0.23192662,0.5360437,9.758717,0.806535,-25.1875,-47.4375,2.9375,0.9907186,-1.4848288,-0.8329812,-0.24793066,0.07181657,-0.9661122,-0.9666923,0.047059927,0.25157776,0.06353262,0.9963071,0.05775693,0.0,0.0,0.0
278232990369263,0.63206923,9.911995,0.5746084,0.09602553,0.15327835,-0.23192662,0.5360437,9.758717,0.806535,-25.25,-47.75,3.0625,0.9962876,-1.4848288,-0.8329812,-0.25331026,0.072077535,-0.9646962,-0.9652966,0.046659257,0.25695407,0.06353262,0.9963071,0.05775693,0.0,0.0,0.0
278233006903430,0.63206923,9.911995,0.5746084,0.09602553,0.15327835,-0.23192662,0.5360437,9.758717,0.806535,-25.0625,-48.0625,2.875,0.99140155,-1.4848288,-0.8329812,-0.24859075,0.0718487,-0.9659402,-0.96652275,0.047010873,0.25223747,0.06353262,0.9963071,0.05775693,0.0,0.0,0.0
278233010307284,0.51714754,9.931149,0.8619126,0.09602553,0.15327835,-0.23192662,0.5360437,9.758717,0.806535,-25.0625,-48.0625,2.875,1.3342787,-1.4699273,-0.54041946,-0.29670313,0.09789438,-0.9499389,-0.95356333,0.02359538,0.30026677,0.0518086,0.99491704,0.08634767,0.0,0.0,0.0
278233010307284,0.51714754,9.931149,0.8619126,0.09602553,0.15327835,-0.23192662,0.5260075,9.759273,0.8064187,-25.0625,-48.0625,2.875,1.3342787,-1.4699273,-0.54041946,-0.29670313,0.09789438,-0.9499389,-0.95356333,0.02359538,0.30026677,0.0518086,0.99491704,0.08634767,0.0,0.0,0.0
278233010307284,0.51714754,9.931149,0.8619126,-0.008859932,0.17187595,0.05549389,0.5260075,9.759273,0.8064187,-25.0625,-48.0625,2.875,1.3342787,-1.4699273,-0.54041946,-0.29670313,0.09789438,-0.9499389,-0.95356333,0.02359538,0.30026677,0.0518086,0.99491704,0.08634767,0.0,0.0,0.0
278233026902076,0.51714754,9.931149,0.8619126,-0.008859932,0.17187595,0.05549389,0.5260075,9.759273,0.8064187,-25.125,-48.3125,2.8125,1.3320203,-1.4699273,-0.54041946,-0.29454884,0.09784084,-0.9506146,-0.9542309,0.023816405,0.29812065,0.0518086,0.99491704,0.08634767,0.0,0.0,0.0
278233030067649,0.641646,9.921572,0.89064306,-0.008859932,0.17187595,0.05549389,0.5260075,9.759273,0.8064187,-25.125,-48.3125,2.8125,1.2624549,-1.4606063,-0.6243062,-0.30735576,0.104780905,-0.94580835,-0.9494212,0.03337269,0.31222698,0.06427959,0.9939352,0.08922392,0.0,0.0,0.0
278233030067649,0.641646,9.921572,0.89064306,-0.008859932,0.17187595,0.05549389,0.5277093,9.758605,0.8133564,-25.125,-48.3125,2.8125,1.2624549,-1.4606063,-0.6243062,-0.30735576,0.104780905,-0.94580835,-0.9494212,0.03337269,0.31222698,0.06427959,0.9939352,0.08922392,0.0,0.0,0.0
278233030067649,0.641646,9.921572,0.89064306,0.11393672,0.16296673,0.07728666,0.5277093,9.758605,0.8133564,-25.125,-48.3125,2.8125,1.2624549,-1.4606063,-0.6243062,-0.30735576,0.104780905,-0.94580835,-0.9494212,0.03337269,0.31222698,0.06427959,0.9939352,0.08922392,0.0,0.0,0.0
278233046719524,0.641646,9.921572,0.89064306,0.11393672,0.16296673,0.07728666,0.5277093,9.758605,0.8133564,-25.1875,-48.3125,2.6875,1.2565157,-1.4606063,-0.6243062,-0.30171162,0.10458085,-0.94764596,-0.9512298,0.033994403,0.30660424,0.06427959,0.9939352,0.08922392,0.0,0.0,0.0
278233049857388,0.62249243,9.873688,0.8810662,0.11393672,0.16296673,0.07728666,0.5277093,9.758605,0.8133564,-25.1875,-48.3125,2.6875,1.2635677,-1.4619703,-0.6150896,-0.29976714,0.10352637,-0.94837856,-0.9519516,0.032846276,0.30448207,0.06267263,0.9940843,0.08870587,0.0,0.0,0.0
278233049857388,0.62249243,9.873688,0.8810662,0.11393672,0.16296673,0.07728666,0.5296429,9.757643,0.8235867,-25.1875,-48.3125,2.6875,1.2635677,-1.4619703,-0.6150896,-0.29976714,0.10352637,-0.94837856,-0.9519516,0.032846276,0.30448207,0.06267263,0.9940843,0.08870587,0.0,0.0,0.0
278233049857388,0.62249243,9.873688,0.8810662,0.09284955,0.116045,0.0574795,0.5296429,9.757643,0.8235867,-25.1875,-48.3125,2.6875,1.2635677,-1.4619703,-0.6150896,-0.29976714,0.10352637,-0.94837856,-0.9519516,0.032846276,0.30448207,0.06267263,0.9940843,0.08870587,0.0,0.0,0.0
278233066393846,0.62249243,9.873688,0.8810662,0.09284955,0.116045,0.0574795,0.5296429,9.757643,0.8235867,-25.0,-48.375,2.875,1.2739851,-1.4619703,-0.6150896,-0.30966762,0.10386293,-0.9451553,-0.9487773,0.031766035,0.3143451,0.06267263,0.9940843,0.08870587,0.0,0.0,0.0
278233069581346,0.6512229,9.80665,0.89064306,0.09284955,0.116045,0.0574795,0.5296429,9.757643,0.8235867,-25.0,-48.375,2.875,1.2632608,-1.4587594,-0.6313489,-0.3146572,0.10655742,-0.9432054,-0.94690883,0.033843942,0.31971616,0.06598991,0.9937304,0.09025091,0.0,0.0,0.0
278233069581346,0.6512229,9.80665,0.89064306,0.09284955,0.116045,0.0574795,0.5311121,9.756932,0.83103585,-25.0,-48.375,2.875,1.2632608,-1.4587594,-0.6313489,-0.3146572,0.10655742,-0.9432054,-0.94690883,0.033843942,0.31971616,0.06598991,0.9937304,0.09025091,0.0,0.0,0.0
278233069581346,0.6512229,9.80665,0.89064306,0.12011081,0.049717903,0.059607208,0.5311121,9.756932,0.83103585,-25.0,-48.375,2.875,1.2632608,-1.4587594,-0.6313489,-0.3146572,0.10655742,-0.9432054,-0.94690883,0.033843942,0.31971616,0.06598991,0.9937304,0.09025091,0.0,0.0,0.0
278233086143951,0.6512229,9.80665,0.89064306,0.12011081,0.049717903,0.059607208,0.5311121,9.756932,0.83103585,-25.1875,-48.125,2.8125,1.2570074,-1.4587594,-0.6313489,-0.3087296,0.10634369,-0.94518626,-0.94885796,0.034509633,0.3138116,0.06598991,0.9937304,0.09025091,0.0,0.0,0.0
278233092740669,0.6512229,9.835381,0.90979666,0.12011081,0.049717903,0.059607208,0.5311121,9.756932,0.83103585,-25.1875,-48.125,2.8125,1.2702792,-1.4575261,-0.62124455,-0.31169423,0.10796296,-0.944029,-0.9479023,0.03345804,0.3167995,0.06578797,0.9935918,0.09190966,0.0,0.0,0.0
278233092740669,0.6512229,9.835381,0.90979666,0.12011081,0.049717903,0.059607208,0.5319968,9.75692,0.8306056,-25.1875,-48.125,2.8125,1.2702792,-1.4575261,-0.62124455,-0.31169423,0.10796296,-0.944029,-0.9479023,0.03345804,0.3167995,0.06578797,0.9935918,0.09190966,0.0,0.0,0.0
278233092740669,0.6512229,9.835381,0.90979666,0.1192261,0.07846069,0.07919103,0.5319968,9.75692,0.8306056,-25.1875,-48.125,2.8125,1.2702792,-1.4575261,-0.62124455,-0.31169423,0.10796296,-0.944029,-0.9479023,0.03345804,0.3167995,0.06578797,0.9935918,0.09190966,0.0,0.0,0.0
278233108769836,0.62249243,9.844957,0.82360536,0.1192261,0.07846069,0.07919103,0.5319968,9.75692,0.8306056,-25.1875,-48.125,2.8125,1.2248546,-1.4663137,-0.6472117,-0.29363978,0.098114006,-0.95086765,-0.95384544,0.03536385,0.29820836,0.062884755,0.99454665,0.08320137,0.0,0.0,0.0
278233108769836,0.62249243,9.844957,0.82360536,0.1192261,0.07846069,0.07919103,0.5315598,9.756847,0.8317174,-25.1875,-48.125,2.8125,1.2248546,-1.4663137,-0.6472117,-0.29363978,0.098114006,-0.95086765,-0.95384544,0.03536385,0.29820836,0.062884755,0.99454665,0.08320137,0.0,0.0,0.0
278233108769836,0.62249243,9.844957,0.82360536,0.09093261,0.08810997,-0.008112013,0.5315598,9.756847,0.8317174,-25.1875,-48.125,2.8125,1.2248546,-1.4663137,-0.6472117,-0.29363978,0.098114006,-0.95086765,-0.95384544,0.03536385,0.29820836,0.062884755,0.99454665,0.08320137,0.0,0.0,0.0
278233109217596,0.62249243,9.844957,0.82360536,0.09093261,0.08810997,-0.008112013,0.5315598,9.756847,0.8317174,-25.0,-48.0625,2.875,1.2295649,-1.4663137,-0.6472117,-0.29812938,0.0982795,-0.9494525,-0.9524518,0.034901313,0.30268386,0.062884755,0.99454665,0.08320137,0.0,0.0,0.0
278233125324523,0.62249243,9.844957,0.82360536,0.09093261,0.08810997,-0.008112013,0.5315598,9.756847,0.8317174,-25.125,-48.125,3.0,1.2333456,-1.4663137,-0.6472117,-0.3017282,0.09841074,-0.9483013,-0.9513178,0.034529496,0.3062713,0.062884755,0.99454665,0.08320137,0.0,0.0,0.0
278233129506763,0.5746084,9.844957,0.6799533,0.09093261,0.08810997,-0.008112013,0.5315598,9.756847,0.8317174,-25.125,-48.125,3.0,1.1468343,-1.4806167,-0.70162517,-0.2717184,0.08208449,-0.95886976,-0.9606197,0.03704746,0.27538574,0.05812859,0.9959366,0.0687855,0.0,0.0,0.0
278233129506763,0.5746084,9.844957,0.6799533,0.09093261,0.08810997,-0.008112013,0.5311533,9.756104,0.84064186,-25.125,-48.125,3.0,1.1468343,-1.4806167,-0.70162517,-0.2717184,0.08208449,-0.95886976,-0.9606197,0.03704746,0.27538574,0.05812859,0.9959366,0.0687855,0.0,0.0,0.0
278233129506763,0.5746084,9.844957,0.6799533,0.043455064,0.08885288,-0.16068858,0.5311533,9.756104,0.84064186,-25.125,-48.125,3.0,1.1468343,-1.4806167,-0.70162517,-0.2717184,0.08208449,-0.95886976,-0.9606197,0.03704746,0.27538574,0.05812859,0.9959366,0.0687855,0.0,0.0,0.0
278233148684211,0.6703765,9.892841,0.8714894,0.043455064,0.08885288,-0.16068858,0.5311533,9.756104,0.84064186,-25.125,-48.125,3.0,1.23676,-1.4601094,-0.6556956,-0.31261632,0.10435523,-0.94412977,-0.9474888,0.036215544,0.31773147,0.06734911,0.99388045,0.087553844,0.0,0.0,0.0
278233148684211,0.6703765,9.892841,0.8714894,0.043455064,0.08885288,-0.16068858,0.53294104,9.754602,0.85678166,-25.125,-48.125,3.0,1.23676,-1.4601094,-0.6556956,-0.31261632,0.10435523,-0.94412977,-0.9474888,0.036215544,0.31773147,0.06734911,0.99388045,0.087553844,0.0,0.0,0.0
278233148684211,0.6703765,9.892841,0.8714894,0.13743544,0.1382389,0.014707744,0.53294104,9.754602,0.85678166,-25.125,-48.125,3.0,1.23676,-1.4601094,-0.6556956,-0.31261632,0.10435523,-0.94412977,-0.9474888,0.036215544,0.31773147,0.06734911,0.99388045,0.087553844,0.0,0.0,0.0
278233165067180,0.6703765,9.892841,0.8714894,0.13743544,0.1382389,0.014707744,0.53294104,9.754602,0.85678166,-25.0625,-47.8125,2.875,1.2310427,-1.4601094,-0.6556956,-0.3071942,0.104146466,-0.9459309,-0.94926065,0.03681157,0.3123285,0.06734911,0.99388045,0.087553844,0.0,0.0,0.0
278233168171451,0.63206923,9.873688,0.79487497,0.13743544,0.1382389,0.014707744,0.53294104,9.754602,0.85678166,-25.0625,-47.8125,2.875,1.1973937,-1.4683025,-0.6717954,-0.2909432,0.09526389,-0.9519858,-0.95461875,0.037322763,0.29548272,0.06367957,0.9947521,0.08008189,0.0,0.0,0.0
278233168171451,0.63206923,9.873688,0.79487497,0.13743544,0.1382389,0.014707744,0.5348808,9.752768,0.8762661,-25.0625,-47.8125,2.875,1.1973937,-1.4683025,-0.6717954,-0.2909432,0.09526389,-0.9519858,-0.95461875,0.037322763,0.29548272,0.06367957,0.9947521,0.08008189,0.0,0.0,0.0
278233168171451,0.63206923,9.873688,0.79487497,0.09718841,0.12092018,-0.081391156,0.5348808,9.752768,0.8762661,-25.0625,-47.8125,2.875,1.1973937,-1.4683025,-0.6717954,-0.2909432,0.09526389,-0.9519858,-0.95461875,0.037322763,0.29548272,0.06367957,0.9947521,0.08008189,0.0,0.0,0.0
1477463145000,0.63206923,9.873688,0.79487497,0.09718841,0.12092018,-0.081391156,0.5348808,9.752768,0.8762661,-25.0625,-47.8125,2.875,1.1973937,-1.4683025,-0.6717954,-0.2909432,0.09526389,-0.9519858,-0.95461875,0.037322763,0.29548272,0.06367957,0.9947521,0.08008189,0.0,40.81583507,-96.68554297
278233184662961,0.63206923,9.873688,0.79487497,0.09718841,0.12092018,-0.081391156,0.5348808,9.752768,0.8762661,-25.0,-47.75,2.8125,1.1953309,-1.4683025,-0.6717954,-0.2889733,0.09518669,-0.9525932,-0.9552168,0.037519194,0.29351825,0.06367957,0.9947521,0.08008189,0.0,40.81583507,-96.68554297
278233188130773,0.58418524,9.80665,0.8619126,0.09718841,0.12092018,-0.081391156,0.5348808,9.752768,0.8762661,-25.0,-47.75,2.8125,1.2830737,-1.4650164,-0.5956555,-0.30008233,0.1012425,-0.94852555,-0.9520723,0.029961132,0.30440235,0.059237346,0.9944105,0.08739936,0.0,40.81583507,-96.68554297
278233188130773,0.58418524,9.80665,0.8619126,0.09718841,0.12092018,-0.081391156,0.53734165,9.750002,0.9050427,-25.0,-47.75,2.8125,1.2830737,-1.4650164,-0.5956555,-0.30008233,0.1012425,-0.94852555,-0.9520723,0.029961132,0.30440235,0.059237346,0.9944105,0.08739936,0.0,40.81583507,-96.68554297
278233188130773,0.58418524,9.80665,0.8619126,0.04684359,0.056648254,-0.0431301,0.53734165,9.750002,0.9050427,-25.0,-47.75,2.8125,1.2830737,-1.4650164,-0.5956555,-0.30008233,0.1012425,-0.94852555,-0.9520723,0.029961132,0.30440235,0.059237346,0.9944105,0.08739936,0.0,40.81583507,-96.68554297
278233204660878,0.58418524,9.80665,0.8619126,0.04684359,0.056648254,-0.0431301,0.53734165,9.750002,0.9050427,-25.1875,-47.5,2.6875,1.2745117,-1.4650164,-0.5956555,-0.29191977,0.10098225,-0.9510969,-0.95460653,0.030826854,0.29627,0.059237346,0.9944105,0.08739936,0.0,40.81583507,-96.68554297
278233208565201,0.63206923,9.758766,0.79487497,0.04684359,0.056648254,-0.0431301,0.53734165,9.750002,0.9050427,-25.1875,-47.5,2.6875,1.1891335,-1.4671036,-0.6717954,-0.28297678,0.09605862,-0.9543044,-0.95696074,0.038552366,0.28764507,0.06442148,0.9946287,0.0810149,0.0,40.81583507,-96.68554297
278233208565201,0.63206923,9.758766,0.79487497,0.04684359,0.056648254,-0.0431301,0.54362524,9.745463,0.9491145,-25.1875,-47.5,2.6875,1.1891335,-1.4671036,-0.6717954,-0.28297678,0.09605862,-0.9543044,-0.95696074,0.038552366,0.28764507,0.06442148,0.9946287,0.0810149,0.0,40.81583507,-96.68554297
278233208565201,0.63206923,9.758766,0.79487497,0.088443995,0.013302803,-0.15423954,0.54362524,9.745463,0.9491145,-25.1875,-47.5,2.6875,1.1891335,-1.4671036,-0.6717954,-0.28297678,0.09605862,-0.9543044,-0.95696074,0.038552366,0.28764507,0.06442148,0.9946287,0.0810149,0.0,40.81583507,-96.68554297
278233227068951,0.63206923,9.758766,0.79487497,0.088443995,0.013302803,-0.15423954,0.54362524,9.745463,0.9491145,-25.3125,-47.5,2.5,1.179861,-1.4671036,-0.6717954,-0.27409124,0.095697016,-0.9569306,-0.9595435,0.03944141,0.27878398,0.06442148,0.9946287,0.0810149,0.0,40.81583507,-96.68554297
278233227547180,0.63206923,9.720459,0.6799533,0.088443995,0.013302803,-0.15423954,0.54362524,9.745463,0.9491145,-25.3125,-47.5,2.5,1.080009,-1.47558,-0.748918,-0.2525537,0.08385072,-0.96394277,-0.9654153,0.04480981,0.25683737,0.06473009,0.99547035,0.069633886,0.0,40.81583507,-96.68554297
278233227547180,0.63206923,9.720459,0.6799533,0.088443995,0.013302803,-0.15423954,0.5499866,9.738859,1.0112059,-25.3125,-47.5,2.5,1.080009,-1.47558,-0.748918,-0.2525537,0.08385072,-0.96394277,-0.9654153,0.04480981,0.25683737,0.06473009,0.99547035,0.069633886,0.0,40.81583507,-96.68554297
278233227547180,0.63206923,9.720459,0.6799533,0.08208263,-0.018400192,-0.33125263,0.5499866,9.738859,1.0112059,-25.3125,-47.5,2.5,1.080009,-1.47558,-0.748918,-0.2525537,0.08385072,-0.96394277,-0.9654153,0.04480981,0.25683737,0.06473009,0.99547035,0.069633886,0.0,40.81583507,-96.68554297
278233244218846,0.63206923,9.720459,0.6799533,0.08208263,-0.018400192,-0.33125263,0.5499866,9.738859,1.0112059,-25.3125,-47.625,2.125,1.0646485,-1.47558,-0.748918,-0.23769523,0.083152555,-0.96777415,-0.9691807,0.046092466,0.24200103,0.06473009,0.99547035,0.069633886,0.0,40.81583507,-96.68554297
278233247431971,0.59376204,9.739613,0.80445176,0.08208263,-0.018400192,-0.33125263,0.5499866,9.738859,1.0112059,-25.3125,-47.625,2.125,1.2007802,-1.4684967,-0.63583845,-0.25980818,0.09520977,-0.96095514,-0.96375406,0.036930136,0.26422387,0.060644902,0.99477196,0.08216406,0.0,40.81583507,-96.68554297
278233247431971,0.59376204,9.739613,0.80445176,0.08208263,-0.018400192,-0.33125263,0.5541998,9.729713,1.0935891,-25.3125,-47.625,2.125,1.2007802,-1.4684967,-0.63583845,-0.25980818,0.09520977,-0.96095514,-0.96375406,0.036930136,0.26422387,0.060644902,0.99477196,0.08216406,0.0,40.81583507,-96.68554297
278233247431971,0.59376204,9.739613,0.80445176,0.039562225,0.009899139,-0.2891373,0.5541998,9.729713,1.0935891,-25.3125,-47.625,2.125,1.2007802,-1.4684967,-0.63583845,-0.25980818,0.09520977,-0.96095514,-0.96375406,0.036930136,0.26422387,0.060644902,0.99477196,0.08216406,0.0,40.81583507,-96.68554297
278233264009107,0.59376204,9.739613,0.80445176,0.039562225,0.009899139,-0.2891373,0.5541998,9.729713,1.0935891,-25.5625,-47.5,1.8125,1.1846368,-1.4684967,-0.63583845,-0.24421686,0.09460122,-0.96509516,-0.96782243,0.038462255,0.24867716,0.060644902,0.99477196,0.08216406,0.0,40.81583507,-96.68554297
278233267187544,0.59376204,9.873688,1.1875241,0.039562225,0.009899139,-0.2891373,0.5541998,9.729713,1.0935891,-25.5625,-47.5,1.8125,1.4284464,-1.4371307,-0.4636476,-0.3118493,0.13192031,-0.9409288,-0.9482605,0.018906724,0.31692997,0.059599385,0.99108005,0.11919877,0.0,40.81583507,-96.68554297
278233267187544,0.59376204,9.873688,1.1875241,0.039562225,0.009899139,-0.2891373,0.55746114,9.718866,1.1846002,-25.5625,-47.5,1.8125,1.4284464,-1.4371307,-0.4636476,-0.3118493,0.13192031,-0.9409288,-0.9482605,0.018906724,0.31692997,0.059599385,0.99108005,0.11919877,0.0,40.81583507,-96.68554297
